1500467411.476509 0.000000 0.000000 0.000000 0.000000 0.000000 0.000000 0.000000 0.000000 0.000000 0
0.100769 0.000000 0.000000 0.000000 0.000000 0.000000 0.000000 0.000000 0.000000 0.000000 0
0.100528 0.000000 0.000000 0.000000 0.000000 0.000000 0.000000 0.000000 0.000000 0.000000 0
0.101172 0.000000 0.000000 0.000000 0.000000 0.000000 0.000000 0.000000 0.000000 0.000000 0
0.100224 0.000000 0.000000 0.000000 0.000000 0.000000 0.000000 0.000000 0.000000 0.000000 0
0.100592 0.000000 0.000000 0.000000 0.000000 0.000000 0.000000 0.000000 0.000000 0.000000 0
0.100392 0.000000 0.000000 0.000000 0.000000 0.000000 0.000000 0.000000 0.000000 0.000000 0
0.100818 0.000000 0.000000 0.000000 0.000000 0.000000 0.000000 0.000000 0.000000 0.000000 0
0.100357 0.000000 0.000000 0.000000 0.000000 0.000000 0.000000 0.000000 0.000000 0.000000 0
0.101211 0.000000 0.000000 0.000000 0.000000 0.000000 0.000000 0.000000 0.000000 0.000000 0
0.100186 0.000000 0.000000 0.000000 0.000000 0.000000 0.000000 0.000000 0.000000 0.000000 0
0.100623 0.000000 0.000000 0.000000 0.000000 0.000000 0.000000 0.000000 0.000000 0.000000 0
0.101070 0.000000 0.000000 0.000000 0.000000 0.000000 0.000000 0.000000 0.000000 0.000000 0
0.101050 0.000000 0.000000 0.000000 0.000000 0.000000 0.000000 0.000000 0.000000 0.000000 0
0.100338 0.000000 0.000000 0.000000 0.000000 0.000000 0.000000 0.000000 0.000000 0.000000 0
0.099761 0.000000 0.000000 0.000000 0.000000 0.000000 0.000000 0.000000 0.000000 0.000000 0
0.100207 0.000000 0.000000 0.000000 0.000000 0.000000 0.000000 0.000000 0.000000 0.000000 0
0.100835 0.000000 0.000000 0.000000 0.000000 0.000000 0.000000 0.000000 0.000000 0.000000 0
0.099421 0.000000 0.000000 0.000000 0.000000 0.000000 0.000000 0.000000 0.000000 0.000000 0
0.100620 0.000000 0.000000 0.000000 0.000000 0.000000 0.000000 0.000000 0.000000 0.000000 0
0.101161 0.000000 0.000000 0.000000 0.000000 0.000000 0.000000 0.000000 0.000000 0.000000 0
0.100654 0.000000 0.000000 0.000000 0.000000 0.000000 0.000000 0.000000 0.000000 0.000000 0
0.100870 -14.887193 -27.243999 -980.708496 -0.028726 -0.000199 -0.064941 -1.081000 -0.914000 4.921000 243
0.099290 -22.470186 -27.711987 -979.637695 0.008816 0.008796 -0.010069 -1.085000 -0.911000 4.914000 242
0.100854 -21.819746 -27.582142 -980.654785 -0.014368 -0.009821 -0.004698 -1.092000 -0.905000 4.907000 242
0.101504 -15.857866 -27.297791 -980.696777 -0.025274 -0.051940 0.003552 -1.095000 -0.900000 4.899000 243
0.100535 -21.757021 -27.533833 -980.609375 -0.040069 -0.062536 -0.027659 -1.096000 -0.894000 4.892000 242
0.099774 -21.808868 -27.691113 -980.608887 0.013627 -0.065492 -0.063463 -1.102000 -0.890000 4.886000 242
0.101542 -18.543756 -25.674408 -980.659668 -0.057140 -0.110722 -0.013990 -1.108000 -0.890000 4.876000 243
0.100915 -21.949713 -26.201052 -982.485840 -0.130733 -0.019050 -0.106399 -1.107000 -0.890000 4.870000 243
0.099668 -21.872688 -26.079296 -982.515137 -0.050326 -0.034785 -0.013719 -1.111000 -0.888000 4.865000 242
0.100233 -22.738533 -24.268309 -980.606934 -0.046257 -0.068626 -0.052568 -1.106000 -0.885000 4.858000 242
0.100187 -22.132847 -27.888046 -980.602539 -0.073297 -0.032206 -0.008630 -1.110000 -0.885000 4.854000 242
0.101396 -13.411322 -27.056326 -980.729492 -0.052767 -0.059562 -0.105128 -1.108000 -0.884000 4.844000 242
0.101034 -21.699366 -27.682840 -980.603027 0.039064 -0.027465 -0.060883 -1.107000 -0.879000 4.834000 242
0.100460 -21.974489 -27.543238 -974.522949 -0.045051 -0.009675 -0.025505 -1.109000 -0.873000 4.826000 243
0.099568 -21.130074 -27.699255 -980.593750 -0.093621 -0.016619 -0.007531 -1.105000 -0.872000 4.822000 243
0.100491 -21.838062 -27.520693 -980.607422 -0.035781 -0.042770 -0.049337 -1.112000 -0.871000 4.813000 243
0.100597 -23.078253 -18.675211 -981.192871 -0.059297 -0.077054 -0.067404 -1.109000 -0.872000 4.805000 242
0.100961 -21.761078 -27.678865 -980.624512 -0.009441 -0.081155 -0.026633 -1.115000 -0.873000 4.797000 243
0.100507 -21.879429 -27.394737 -988.682129 -0.054187 -0.113120 -0.105059 -1.121000 -0.876000 4.787000 243
0.101671 -22.998260 -19.482464 -980.583008 -0.036685 -0.034021 -0.027980 -1.116000 -0.879000 4.780000 243
0.100077 -22.321962 -20.762520 -980.345215 -0.008060 0.055463 -0.088216 -1.120000 -0.886000 4.771000 242
0.100453 -21.725714 -27.669542 -980.032715 -0.054126 -0.019565 0.031549 -1.126000 -0.885000 4.766000 242
0.100221 -22.237621 -19.264999 -980.626465 -0.017686 0.025039 -0.058728 -1.126000 -0.888000 4.763000 242
0.100683 -13.978234 -27.010811 -982.248047 -0.127471 -0.097890 -0.123619 -1.112000 -0.893000 4.755000 242
0.100710 -21.779663 -27.583431 -980.598633 -0.049334 -0.040505 -0.086970 -1.109000 -0.894000 4.747000 242
0.100269 -21.845495 -27.565439 -980.608398 0.004174 -0.015572 -0.070251 -1.114000 -0.891000 4.743000 243
0.101062 -21.851183 -27.654005 -980.841797 0.044226 -0.059764 0.025154 -1.118000 -0.887000 4.737000 243
0.100614 -21.281662 -27.542841 -980.694336 0.020291 -0.053517 -0.001597 -1.119000 -0.883000 4.731000 242
0.099326 -20.748903 -20.616245 -981.947754 -0.039171 -0.045743 -0.012715 -1.123000 -0.882000 4.727000 242
0.100653 -21.941364 -27.535666 -980.511719 -0.016622 -0.075230 0.017132 -1.117000 -0.891000 4.724000 243
0.100133 -21.840118 -26.672598 -980.656738 -0.027854 0.018986 0.020042 -1.122000 -0.897000 4.719000 242
0.100538 -21.003256 -27.545702 -974.933594 -0.004661 0.003130 -0.009731 -1.112000 -0.895000 4.715000 242
0.100378 -23.695292 -27.653204 -980.720703 -0.042111 0.016233 -0.117847 -1.115000 -0.892000 4.711000 243
0.100122 -16.569738 -27.289783 -981.122559 -0.052755 -0.030653 0.035570 -1.113000 -0.887000 4.703000 242
0.100220 -19.664141 -29.391069 -980.636719 -0.048023 -0.061725 0.009159 -1.114000 -0.889000 4.695000 242
0.100876 -15.091707 -27.189066 -980.708496 0.064757 -0.080375 -0.034430 -1.105000 -0.887000 4.687000 242
0.100013 -14.462044 -20.081215 -980.731445 -0.061075 -0.045764 -0.045390 -1.086000 -0.890000 4.683000 242
0.100195 -17.686636 -26.958460 -981.979004 -0.027061 -0.120652 -0.059214 -1.079000 -0.900000 4.676000 242
0.102380 -22.084295 -23.958366 -980.597656 0.001072 -0.065211 -0.026328 -1.086000 -0.908000 4.665000 242
0.100020 -18.385237 -27.323252 -980.656250 0.005743 -0.014568 0.002595 -1.092000 -0.916000 4.657000 243
0.099826 -17.245100 -23.746611 -979.527832 0.006734 -0.006627 -0.038000 -1.083000 -0.918000 4.649000 242
0.100500 -21.404974 -27.537004 -980.611816 0.019728 -0.053192 -0.079983 -1.079000 -0.917000 4.642000 242
0.100732 -16.117184 -27.284302 -980.692383 -0.074949 0.041597 0.008335 -1.080000 -0.912000 4.637000 243
0.100611 -18.676195 -27.352379 -980.654297 -0.063941 -0.021362 -0.014352 -1.086000 -0.907000 4.630000 242
0.100580 -22.350225 -18.992958 -980.616699 -0.031936 0.021211 -0.043302 -1.093000 -0.907000 4.625000 242
0.101145 -21.745867 -27.730499 -980.608398 -0.026794 -0.094702 -0.036533 -1.099000 -0.903000 4.616000 243
0.100010 -21.777521 -27.561960 -980.639160 -0.024716 -0.056347 -0.072182 -1.106000 -0.896000 4.606000 242
0.100551 -13.268676 -27.139442 -982.937988 -0.064536 -0.009339 -0.129992 -1.093000 -0.896000 4.595000 242
0.101000 -21.558641 -28.671116 -980.631348 -0.034269 -0.030527 -0.048620 -1.096000 -0.898000 4.591000 243
0.100179 -21.822947 -27.481409 -984.015625 -0.001277 -0.053568 -0.095047 -1.091000 -0.899000 4.581000 242
0.100032 -21.729370 -27.010462 -980.568848 -0.071651 -0.010369 -0.048616 -1.097000 -0.895000 4.575000 243
0.101561 -22.237686 -20.512474 -980.617676 -0.001883 -0.046408 -0.076363 -1.102000 -0.898000 4.565000 243
0.099563 -22.249201 -20.149296 -982.777832 -0.006319 -0.115083 -0.013363 -1.109000 -0.906000 4.560000 243
0.100286 -17.239895 -27.193106 -981.026855 -0.035915 -0.061930 -0.052171 -1.095000 -0.911000 4.557000 242
0.100162 -14.183912 -21.569876 -980.734375 -0.046040 -0.116444 0.031110 -1.085000 -0.912000 4.554000 242
0.100451 -21.433189 -27.396729 -980.044434 -0.024690 -0.018077 -0.079492 -1.084000 -0.910000 4.548000 242
0.100946 -20.899576 -27.576847 -980.517090 -0.050871 -0.042187 -0.082448 -1.079000 -0.906000 4.543000 243
0.101438 -20.988722 -19.796728 -980.635254 -0.075491 -0.030604 -0.065464 -1.072000 -0.917000 4.535000 242
0.099381 -14.229610 -27.985668 -982.248535 -0.036168 -0.040583 -0.040133 -1.064000 -0.921000 4.530000 243
0.101365 -22.433983 -27.706869 -978.357422 -0.037390 -0.037631 0.009011 -1.026000 -0.892000 4.526000 242
0.099927 -20.503109 -21.898064 -980.475586 -0.035473 -0.068945 -0.108985 -0.978000 -0.854000 4.518000 242
0.100293 -22.075478 -18.783524 -988.088867 0.003589 -0.078699 -0.077907 -0.920000 -0.815000 4.514000 243
0.101112 -16.292370 -27.327766 -980.637695 -0.015093 -0.009634 -0.034896 -0.879000 -0.777000 4.508000 242
0.100362 -21.767551 -27.690084 -980.608398 0.018735 -0.028862 0.090113 -0.840000 -0.728000 4.500000 242
0.101568 -12.297272 -22.796743 -976.041443 2.150607 -0.392116 8.947088 -0.775000 -0.649000 4.565000 242
0.099477 -10.168470 -28.508900 -959.031128 0.456202 -0.408803 2.032752 -0.756000 -0.642000 4.518000 242
0.100265 -14.794527 -10.008031 -976.023621 -0.508504 0.882367 -0.339138 -0.684000 -0.655000 4.476000 243
0.100988 -25.210505 -29.211021 -973.636169 -0.305105 0.089534 -0.205812 -0.637000 -0.640000 4.492000 243
0.101107 -16.232460 -23.555271 -981.788452 0.002146 -2.780201 -1.607078 -0.600000 -0.613000 4.453000 243
0.100649 -22.790174 -34.381470 -983.846008 0.292723 0.136807 0.525102 -0.547000 -0.616000 4.415000 242
0.100597 -8.298249 -33.108021 -985.925293 1.890994 -0.052279 1.761501 -0.509000 -0.581000 4.529000 242
0.099797 -0.685222 -32.333096 -980.122009 1.629014 0.650849 4.115500 -0.467000 -0.519000 4.593000 242
0.100587 -9.116794 -28.757998 -975.491150 -0.230045 1.153993 2.243648 -0.436000 -0.542000 4.649000 242
0.100240 -40.863682 10.794617 -977.493164 -0.954977 -0.340144 1.419757 -0.398000 -0.513000 4.683000 242
0.100986 -13.211772 -21.425093 -980.658691 -0.063836 -0.403190 3.446838 -0.354000 -0.464000 4.803000 242
0.100920 6.681488 -33.746834 -970.801575 1.563201 0.684459 1.854143 -0.336000 -0.446000 4.900000 242
0.101333 -16.961779 -28.702404 -959.651794 0.868130 2.301481 4.109028 -0.298000 -0.423000 4.929000 242
0.100150 -19.240728 -36.228168 -979.935547 -1.876432 -0.139398 3.512009 -0.283000 -0.462000 4.949000 242
0.099830 -16.314661 -26.897219 -987.962524 0.310646 -2.349976 -0.955410 -0.280000 -0.474000 5.015000 242
0.101566 -4.188695 2.849560 -976.513489 -2.358012 -0.453081 3.260525 -0.242000 -0.485000 5.014000 242
0.099874 -17.451954 5.033628 -956.844360 -0.719463 -0.902474 -2.924413 -0.202000 -0.477000 4.945000 242
0.100671 -33.877857 -23.784616 -969.907654 -0.324439 -1.660652 -7.519579 -0.233000 -0.457000 4.680000 242
0.101850 -28.162117 -17.263292 -971.258240 1.039874 4.745176 -3.072115 -0.228000 -0.464000 4.499000 242
0.099675 -21.740971 -14.953601 -965.706238 -2.058726 0.318297 0.350715 -0.341000 -0.470000 4.650000 0
0.101570 -11.292352 -13.443373 -1001.460266 -0.519482 4.898011 -3.451107 -0.449000 -0.433000 5.010000 241
0.101347 -45.105721 3.142773 -1000.227051 -3.275232 -4.818496 9.885975 -0.978000 -0.599000 5.545000 242
0.100067 -29.920498 -28.374117 -1027.759521 2.773819 4.676755 4.143838 -1.170000 -0.147000 5.986000 243
0.100692 -44.835011 -71.829491 -1073.076538 -3.630085 -1.026383 0.354048 -1.312000 -0.463000 6.120000 242
0.101276 -29.413965 -7.608344 -1119.706421 7.864432 -7.120900 2.500870 -1.962000 -0.212000 6.132000 241
0.099540 -13.645187 -5.656806 -1076.405396 -12.580972 1.642470 -4.337830 -2.578000 -0.415000 6.015000 242
0.100271 -17.147320 10.405935 -1022.211060 -11.445022 -1.999804 -2.476960 -2.362000 -1.132000 6.092000 241
0.101422 -29.501917 -36.409927 -1015.886414 -0.741518 11.534264 -7.024491 -2.024000 -1.021000 5.863000 241
0.101030 -13.910913 -25.949562 -1000.983398 6.527910 -3.927035 0.875386 -1.064000 -0.655000 5.564000 243
0.099471 -31.780590 6.040319 -1002.078064 -0.371493 -2.790670 -5.636506 -1.293000 -0.050000 5.351000 257
0.100245 -39.397308 -52.892223 -1195.879517 2.929770 -2.777183 -1.075273 -1.256000 0.029000 2.994000 285
0.099312 16.060041 -24.412279 -1129.997681 -6.029291 2.972245 2.759913 -1.078000 -0.301000 2.865000 351
0.101468 -45.594830 -5.525980 -1020.919739 -12.630594 18.212332 -2.572086 -0.131000 -0.174000 2.739000 418
0.101135 -28.399616 -38.488869 -945.122864 -0.071853 13.144682 -0.980975 1.397000 -0.798000 2.739000 528
0.100037 -11.315002 -4.098197 -947.152344 4.820407 -5.577379 0.578003 1.996000 -0.792000 2.808000 602
0.099646 -23.439825 -37.682545 -690.053772 2.268651 -3.099932 -0.057304 1.312000 -1.221000 2.888000 707
0.100954 -27.221611 -27.765873 -615.146729 7.963750 8.973270 -2.156416 1.405000 -1.015000 2.961000 761
0.101391 -23.741447 3.645405 -723.789856 5.345370 0.408017 -0.566206 1.815000 -0.325000 2.998000 802
0.100134 -41.444195 -36.848492 -830.207825 3.924083 -0.025058 -0.084110 1.576000 0.318000 3.074000 801
0.100188 -23.192965 -11.701364 -927.304321 1.574916 -13.228114 3.317312 0.802000 0.270000 3.086000 788
0.101049 -20.469759 -16.208244 -983.051453 -0.317622 -11.493283 -1.132677 -0.091000 0.110000 3.118000 771
0.099643 -15.179703 -18.756622 -1050.900146 -2.353044 -4.654981 -2.518938 -0.764000 -0.129000 3.115000 751
0.100668 -22.057083 -32.768597 -1041.804321 -0.275611 2.473842 -1.794990 -0.869000 -0.218000 3.048000 736
0.099599 -13.620605 -26.532423 -1049.201172 10.320147 -1.996074 2.878170 -0.904000 0.568000 3.084000 724
0.101728 -54.135883 -10.768879 -1028.534180 -8.984299 8.822269 2.092032 -0.807000 0.475000 3.121000 725
0.100372 -21.911808 -61.065666 -972.090820 11.974351 -3.920859 -0.031125 -0.603000 0.462000 3.220000 726
0.100643 -19.474751 -60.641747 -973.514038 1.074034 9.172025 -0.512262 -0.313000 0.853000 3.257000 731
0.101978 -18.945246 12.135267 -979.389282 -4.616631 5.190674 -0.285907 0.105000 0.301000 3.336000 737
0.099795 -10.148688 -17.814323 -967.557800 9.914302 -1.739014 -1.125692 0.248000 0.534000 3.405000 746
0.100495 -16.630875 -7.201168 -962.662598 -1.583735 5.574657 -1.180275 0.415000 0.548000 3.477000 746
0.100400 -15.654298 -38.535194 -982.051025 4.885393 1.172061 -1.697223 0.547000 0.416000 3.600000 744
0.100823 -37.549564 -73.316673 -977.429810 9.163954 -3.858901 0.389531 0.283000 0.775000 3.676000 746
0.100211 -3.891969 -31.663761 -958.973816 -10.802817 -4.214958 0.047474 0.057000 0.607000 3.778000 746
0.099918 -14.309495 -47.824776 -987.727905 1.678265 6.923567 1.633946 0.630000 -0.301000 3.793000 741
0.101674 -16.288609 -35.506084 -987.869019 13.048204 -6.111350 4.381145 0.441000 0.167000 3.782000 746
0.100844 -14.116383 -6.962634 -983.330688 5.219894 -3.015940 -0.336487 -0.056000 1.174000 3.700000 746
0.100215 -46.899361 -42.215958 -951.957520 -7.751120 1.353188 -1.158340 -0.213000 0.826000 3.645000 739
0.101220 -28.441748 -28.517555 -974.531982 3.006228 2.527158 0.168280 0.033000 0.491000 3.660000 737
0.099774 -26.145515 -48.119423 -994.197937 2.386646 -9.299274 -5.073536 0.158000 0.305000 3.595000 740
0.101398 -30.558542 -37.412342 -1002.767395 0.894138 1.014322 -3.205596 -0.180000 0.447000 3.506000 735
0.100515 -2.843244 -32.775707 -992.953918 0.755363 -5.221841 -0.220672 -0.155000 0.647000 3.511000 733
0.100488 -6.790780 -24.422997 -996.242676 2.685787 2.692478 0.826932 0.058000 0.729000 3.452000 730
0.100693 -39.468113 -10.549088 -967.396301 -4.381073 3.896089 -6.726050 0.117000 0.962000 3.462000 735
0.100463 -17.472275 -17.493702 -972.469177 -4.624841 2.643776 1.110853 0.098000 0.730000 3.504000 736
0.099655 -5.695727 -22.511171 -986.947693 -1.963292 9.809594 5.175328 0.198000 0.584000 3.595000 731
0.101138 -5.694380 -30.558207 -997.049438 3.748247 4.151814 -1.984336 0.093000 0.630000 3.489000 731
0.100419 -23.980408 -7.959442 -981.049133 3.066535 -0.064887 -4.143734 0.187000 0.824000 3.464000 730
0.099821 -9.171211 -25.042271 -973.853149 -4.945375 7.631879 -1.459736 -0.159000 0.647000 3.416000 731
0.100467 -1.989643 -4.299188 -999.400696 -1.249048 -5.445703 -0.753935 -0.120000 0.525000 3.346000 732
0.101147 -28.114697 15.059767 -968.469849 0.868824 2.810393 0.244439 -0.137000 0.657000 3.354000 735
0.099161 -14.166986 -50.091454 -987.140381 6.455536 -2.106599 -3.151454 -0.290000 0.620000 3.292000 734
0.100363 -15.189261 -37.054668 -971.222046 -5.697924 7.949576 -0.244079 0.079000 0.599000 3.303000 736
0.101388 9.892402 3.757983 -994.538086 -9.851974 -1.229702 -2.729652 0.174000 0.380000 3.335000 738
0.100232 3.358675 1.193091 -982.837402 2.461485 2.151405 -2.277042 0.185000 0.110000 3.396000 740
0.101708 -18.166994 11.901404 -974.768616 -6.637830 3.685555 -7.556898 0.193000 0.670000 3.267000 739
0.100796 -35.245003 -30.979691 -986.641357 -3.730388 5.267703 3.300793 0.063000 0.510000 3.244000 743
0.100418 -13.579354 -38.018059 -974.459595 0.425862 -10.554951 0.039917 -0.029000 0.072000 3.204000 742
0.099961 -6.336783 -28.207041 -981.349548 0.299894 -5.495498 -6.031545 -0.015000 0.277000 3.206000 744
0.100657 2.374017 -39.276978 -993.390869 -8.495973 8.227952 -1.703721 -0.093000 0.483000 3.112000 747
0.101477 -17.619057 -46.451725 -971.452698 4.579231 -1.228698 -2.229616 0.012000 0.176000 3.005000 745
0.099636 -2.261048 -21.220045 -984.661255 -8.060521 0.381567 6.958291 0.223000 -0.150000 2.987000 751
0.100047 -13.858187 -33.253807 -974.654663 1.380044 2.541143 3.899017 0.450000 -0.286000 3.001000 750
0.101106 -7.565233 -67.112228 -990.942993 1.618057 4.244948 6.946685 0.228000 -0.183000 2.977000 752
0.100172 -44.856499 -53.851097 -955.938416 6.254964 -0.507025 -2.852693 0.258000 -0.372000 2.894000 752
0.100019 -20.522814 -32.153381 -987.813538 -1.304669 -5.819122 -3.809669 0.239000 -0.472000 2.842000 750
0.100698 -12.345334 -52.238342 -970.098816 -1.048686 -2.983399 3.228009 0.049000 -0.862000 2.897000 746
0.100737 -17.864885 -26.529358 -999.035706 5.140529 0.353419 -3.972947 0.119000 -0.764000 2.796000 746
0.100874 -45.649971 -41.884842 -973.917969 15.562201 -5.218250 -2.662830 -0.121000 0.499000 2.718000 747
0.100177 -33.256809 -0.940180 -970.173401 9.766163 -4.641224 -9.300064 -0.149000 1.656000 2.648000 744
0.099801 -9.057611 -24.707314 -1004.261230 -5.209759 9.681909 2.499040 -0.062000 1.888000 2.610000 742
0.100881 -3.131465 -7.614743 -981.908325 -15.101222 -7.328716 -2.296589 -0.024000 0.991000 2.517000 740
0.101616 -15.326261 -36.911072 -983.731628 -0.255928 -5.457970 2.632086 0.292000 0.239000 2.474000 740
0.100194 -8.071268 -31.317310 -992.436035 -6.972522 -10.007082 -0.502885 0.178000 0.212000 2.453000 740
0.100294 -15.931486 -44.651196 -991.668884 1.862141 3.189806 -4.908509 0.020000 0.183000 2.314000 740
0.100624 -14.509418 -70.355339 -984.680603 0.900119 8.316813 -0.666754 0.166000 0.253000 2.141000 742
0.100441 -30.798328 -52.804363 -980.960815 12.671852 -7.788949 -1.759725 0.061000 0.585000 2.008000 745
0.101433 -16.716921 -17.345390 -967.013611 28.913609 -34.251469 4.294007 -2.279000 2.874000 1.847000 744
0.099653 -13.227493 -16.314709 -983.983765 28.357355 -30.417633 0.477674 -5.356000 5.829000 1.514000 744
0.100297 -31.420269 -45.494499 -977.348267 23.112305 -19.884893 -3.400412 -7.213000 7.734000 1.332000 749
0.101399 -32.905148 -84.113808 -1014.156921 12.625337 -4.559255 6.195881 -7.973000 8.388000 1.315000 750
0.100183 -23.509418 -93.097687 -1014.335876 0.355418 1.722417 1.585615 -7.763000 8.193000 1.430000 756
0.100614 -40.597527 -107.340477 -983.405090 0.457229 -1.079394 3.718361 -7.090000 7.944000 1.610000 752
0.101707 -64.445343 -87.263672 -988.265503 3.650767 -3.616715 -0.644575 -6.571000 7.786000 1.706000 759
0.100053 -61.615261 -91.306335 -988.057678 4.587236 3.364087 -5.785096 -6.265000 7.763000 1.783000 756
0.100621 -69.206825 -90.808159 -978.642761 2.179142 1.010864 4.765753 -5.823000 7.686000 1.780000 763
0.100404 -81.524055 -101.681335 -978.254822 4.161344 1.870961 2.805059 -5.610000 7.707000 1.693000 758
0.101149 -53.698299 -97.000977 -981.639099 6.845903 -10.363985 -1.976108 -5.668000 7.657000 1.530000 756
0.100085 -94.363106 -140.402100 -950.610962 -23.465549 43.244114 -8.012804 -4.057000 6.315000 1.511000 755
0.100197 -100.514664 -114.633232 -1000.344849 -26.389767 42.976284 0.442937 0.418000 3.369000 1.657000 751
0.101166 -98.259438 -104.764336 -995.832520 -32.927097 28.457039 -1.802620 3.708000 0.240000 1.392000 757
0.100631 -71.495499 -132.066193 -974.094116 -20.825914 5.725309 -4.659992 5.072000 -2.333000 1.020000 757
0.100012 -74.445740 -120.651222 -986.502808 -8.408997 1.531008 3.510386 4.885000 -3.359000 0.792000 760
0.101739 -65.470970 -108.958099 -968.979248 -2.321664 3.648641 -2.284745 4.718000 -3.396000 0.643000 756
0.099429 -68.352783 -100.946365 -1002.491699 -4.503617 13.108410 2.070915 4.864000 -3.507000 0.547000 750
0.100095 -69.723351 -84.689720 -1011.425781 -4.083575 -3.506818 0.720966 4.837000 -3.350000 0.570000 753
0.100047 -63.502132 -118.357307 -998.914490 -7.401855 -2.481296 7.383899 3.886000 -3.074000 0.779000 745
0.101193 -30.024639 -82.297714 -1031.549438 -24.850792 -3.956472 4.306080 3.133000 -4.341000 0.892000 742
0.100053 -36.470047 -85.377029 -1006.562500 -4.199639 8.310599 3.239895 3.018000 -5.693000 1.073000 743
0.100877 -26.913841 -54.071281 -1035.750610 -21.141539 0.796354 2.234063 3.775000 -7.207000 1.027000 742
0.100219 -24.617153 -81.523384 -1019.719788 -2.517547 1.752208 -1.762416 3.307000 -8.396000 1.211000 748
0.100952 -32.523033 -31.937853 -1003.680603 1.492691 -6.767455 0.682093 3.072000 -7.711000 1.261000 756
0.099935 -2.397091 -31.486904 -1019.843262 3.631291 1.754463 4.872859 2.808000 -6.835000 1.313000 762
0.100280 -33.883873 -69.298958 -972.089722 25.194336 6.049639 10.152651 2.594000 -5.129000 1.534000 765
0.100762 -11.198491 33.802189 -986.143250 5.438005 -13.699673 0.392905 1.981000 -3.414000 1.747000 776
0.100873 -19.817513 3.667641 -980.649475 8.002993 -13.175669 -0.353520 0.935000 -2.697000 2.040000 772
0.100794 -17.297899 11.752227 -962.252136 3.855286 -14.821777 -6.143388 -0.079000 -2.135000 2.188000 784
0.100522 -10.191507 -36.923740 -976.629822 -4.474842 0.197062 4.698560 -0.786000 -2.072000 2.181000 789
0.099650 -31.381157 -46.381683 -968.708923 6.356649 13.212337 -4.759747 -0.440000 -1.908000 1.927000 792
0.099870 -28.905514 -2.263229 -976.679810 7.246594 19.963541 -2.608813 0.579000 -1.285000 1.665000 799
0.101496 -18.943813 -30.711601 -984.757019 9.919036 12.189924 1.193872 1.388000 -0.656000 1.407000 805
0.099853 -16.483526 -11.434464 -975.025879 11.136164 4.918633 -0.829713 1.963000 0.014000 1.165000 817
0.100180 -16.828678 9.502176 -954.515320 12.227536 -2.433155 -3.013263 2.015000 1.209000 1.006000 823
0.100970 0.585121 -13.624542 -975.261475 -3.212852 1.915500 3.696986 2.054000 1.494000 0.907000 828
0.100070 -23.638195 -24.711222 -941.521606 -3.688484 1.676292 -2.812386 2.052000 0.982000 0.850000 828
0.101411 1.031324 0.659441 -934.286865 2.939394 -4.420374 0.805132 1.508000 0.865000 0.911000 832
0.099612 -26.213169 -0.220251 -952.804810 -10.229527 -7.498741 0.384387 0.663000 0.430000 1.028000 829
0.101268 -1.816872 -12.057980 -957.870972 -12.370061 1.731185 5.294763 0.359000 -0.516000 1.210000 821
0.100903 -13.066128 -11.722185 -972.344727 -4.047935 -10.930702 8.450470 0.030000 -1.016000 1.328000 813
0.099578 1.464854 -0.611437 -986.625122 -3.618155 -13.382093 4.643158 -0.538000 -1.323000 1.457000 799
0.101081 5.436455 6.357080 -988.236389 -15.552860 -4.907104 -3.889396 -0.999000 -1.940000 1.518000 790
0.100422 -0.736452 -19.422134 -990.316345 -2.779455 9.200298 3.878163 -0.585000 -2.700000 1.623000 780
0.100094 19.053329 2.165816 -1017.691040 2.180790 2.126413 7.057805 -0.100000 -2.405000 1.711000 768
0.100615 -16.874489 -51.041225 -1006.232178 -1.804902 4.169759 1.807696 0.170000 -2.448000 1.743000 759
0.101716 -11.452827 -18.578806 -989.220276 -0.861618 4.520143 -5.590548 0.196000 -2.330000 1.780000 755
0.100022 -12.928476 -6.956138 -996.078674 3.932939 3.861388 -6.532335 0.381000 -2.045000 1.840000 747
0.100613 -28.244431 20.484373 -986.292358 -1.886643 -4.029964 -2.635833 0.401000 -1.480000 1.919000 743
0.101236 2.895218 8.781699 -995.918213 -3.226211 0.909719 -0.971516 0.758000 -1.929000 2.092000 748
0.100296 -4.650213 -9.219917 -996.237549 3.254021 4.886549 6.173545 1.086000 -1.986000 2.200000 742
0.100070 -1.909678 -14.117321 -981.511719 11.623461 -4.706770 8.134350 1.247000 -1.063000 2.376000 740
0.100880 -19.980665 -15.159714 -1004.643433 0.692276 -2.356625 0.770220 0.811000 -0.590000 2.461000 741
0.101599 -2.587801 -12.909988 -1003.587769 -2.355419 1.936745 6.995677 0.515000 -0.814000 2.548000 737
0.099900 -28.942921 -24.763098 -985.356445 0.432663 3.771066 0.491432 0.351000 -0.917000 2.729000 735
0.100568 2.131151 11.084806 -1003.054504 0.133382 -3.022536 -1.840286 0.487000 -0.961000 2.848000 743
0.101255 -11.263062 -19.957602 -1011.479553 1.470854 7.856241 5.943262 0.995000 -0.994000 2.916000 740
0.100604 -37.692844 -37.242737 -979.105591 -0.283725 3.173220 4.226501 1.097000 -1.001000 3.014000 739
0.099521 -14.515113 -12.535774 -991.395142 7.125925 -10.020749 -7.392095 0.623000 -0.860000 2.943000 742
0.101394 -14.186455 -20.012703 -963.043091 9.732172 8.568275 4.078950 0.756000 -0.744000 2.866000 749
0.100470 1.169859 8.548256 -986.181213 -14.363205 4.867259 7.821665 0.823000 -0.878000 2.841000 755
0.100050 -16.269424 -29.750246 -972.838928 -29.011742 2.051669 0.756724 1.113000 -3.351000 2.716000 759
0.100375 -7.213657 -7.359512 -963.854736 -20.532476 -1.056775 3.811835 0.771000 -5.514000 2.676000 765
0.101254 1.902471 -28.760328 -962.177979 -11.319197 -0.649978 2.678852 0.346000 -6.678000 2.741000 768
0.100230 -25.054733 -8.112840 -961.199280 -7.014019 4.836604 -1.984240 -0.075000 -7.277000 2.734000 775
0.100040 -14.632517 36.859535 -956.735291 -6.358612 -3.650998 -3.527192 0.007000 -7.651000 2.721000 763
0.101012 -8.965717 25.736774 -974.518616 3.463471 -1.334412 -1.079872 0.107000 -7.426000 2.668000 762
0.100236 -21.516132 21.654091 -974.281128 32.138737 4.981579 3.259934 0.382000 -5.736000 2.635000 762
0.099533 -14.993956 39.393982 -967.661133 35.279831 3.726210 1.529639 0.267000 -1.786000 2.571000 746
0.100563 -28.105732 29.055813 -962.958618 40.591557 5.299827 5.571801 0.111000 2.069000 2.580000 740
0.100538 -30.150681 19.651016 -1000.322449 13.173496 -9.040231 2.910332 -0.451000 4.472000 2.652000 726
0.100146 -13.500298 27.302395 -998.502991 6.491218 -11.703704 -7.015237 -0.876000 4.246000 2.548000 720
0.100490 16.143208 13.091015 -1018.970398 8.334928 -1.257187 11.188207 -1.302000 4.793000 2.724000 716
0.100007 -28.323643 19.018488 -997.235352 -5.608401 0.564757 -0.210988 -0.975000 4.061000 2.800000 709
0.100310 -14.153608 8.367038 -982.988586 -10.454460 1.330881 -0.605134 -0.620000 3.136000 2.727000 709
0.101232 -2.368502 -20.231039 -1002.934631 -6.514456 -0.678989 6.555020 -0.701000 2.453000 2.771000 706
0.100491 -23.639912 -7.586374 -996.918762 -3.158991 4.789473 -2.813002 -0.710000 2.079000 2.718000 702
0.101127 -11.420502 -24.417616 -980.845581 -5.257016 11.613592 -0.452556 -0.291000 1.608000 2.693000 704
0.099804 -9.010750 -11.116922 -995.843140 2.240970 -4.354472 -0.386810 -0.120000 1.471000 2.656000 704
0.101026 -27.184696 -31.148163 -987.356201 2.405058 4.321797 -2.498753 0.043000 1.610000 2.566000 706
0.100730 -23.768761 -37.285725 -988.560791 -0.267275 6.184046 1.281580 0.202000 1.500000 2.538000 708
0.101055 -19.461535 -35.976852 -980.442871 -2.160016 1.137529 -0.748743 0.390000 1.098000 2.475000 711
0.101216 -28.442673 -56.294296 -977.511169 -0.722852 5.364941 1.860445 0.468000 0.872000 2.469000 716
0.100617 -6.983981 26.623314 -982.276611 -4.422029 -6.911173 -7.151738 0.419000 0.691000 2.412000 720
0.100432 -17.173822 -24.227215 -991.995667 1.502464 0.323343 1.935272 0.361000 0.406000 2.369000 721
0.100669 -23.422710 -23.899729 -972.859009 2.478135 2.552410 -4.649798 0.219000 0.570000 2.317000 725
0.101194 -1.421193 -39.841072 -973.501648 -0.972118 1.721391 -1.830251 -0.131000 0.631000 2.317000 732
0.100298 -14.346096 -41.815666 -974.792297 -3.149585 10.818425 5.001794 0.029000 0.444000 2.324000 733
0.101099 0.826416 -16.658136 -995.945435 -3.397681 -6.514647 4.814781 -0.011000 0.152000 2.371000 736
0.099861 -21.692659 -46.538460 -967.770264 -0.800047 5.884871 -5.129421 -0.123000 -0.042000 2.258000 737
0.100752 -7.785246 -69.980957 -978.542786 0.787273 6.626966 6.073615 -0.012000 0.123000 2.274000 743
0.101425 -0.654077 -5.318736 -997.829529 -3.286472 -2.400959 5.251013 0.153000 0.072000 2.265000 742
0.100136 -9.262814 -44.402119 -982.824646 -0.268664 5.128204 4.197125 0.361000 0.178000 2.273000 750
0.100956 -15.459707 -49.532944 -989.791260 1.777819 4.363895 -1.040318 0.254000 0.171000 2.194000 749
0.101514 -29.304911 -9.252729 -964.951294 1.740732 0.535444 1.127165 0.188000 0.308000 2.173000 752
0.099326 -7.751380 -2.702082 -993.963745 -2.150703 -4.577808 -0.430514 0.104000 0.379000 2.206000 752
0.100431 -17.903292 -55.160866 -981.435486 -3.469645 0.354478 0.647524 -0.062000 0.415000 2.146000 753
0.100423 -18.923046 -58.792824 -958.144531 4.576982 4.517087 -3.240020 -0.152000 0.346000 2.154000 753
0.100768 -17.274990 -49.804298 -966.297119 1.973959 3.534810 7.997091 -0.131000 0.418000 2.242000 758
0.100554 -1.638462 -10.252607 -993.155273 -2.380252 -5.447597 -1.551488 -0.223000 0.379000 2.219000 754
0.100389 -6.582175 -44.741932 -985.947693 -7.418940 7.410792 5.733192 -0.317000 0.233000 2.282000 756
0.101184 -45.640327 -58.802456 -967.703552 0.325055 1.435652 -1.139834 -0.509000 0.203000 2.378000 753
0.099741 9.799870 -11.918772 -1001.041931 -1.768856 -6.735470 -2.016891 -0.623000 -0.061000 2.382000 753
0.100923 -19.809813 -33.462528 -983.966919 -1.409895 8.895603 3.515162 -0.481000 -0.133000 2.451000 752
0.100636 -3.670774 -31.635134 -1005.869141 4.374977 -1.278223 7.293174 -0.564000 -0.071000 2.578000 748
0.100195 -14.151510 9.662485 -1011.657715 -3.496018 -5.444138 3.255017 -0.442000 -0.339000 2.623000 751
0.099825 -9.325228 -21.819801 -1004.833435 0.424443 -1.520438 4.491636 -0.254000 -0.510000 2.690000 752
0.101694 -7.325190 -40.046593 -990.240479 0.985410 0.210790 2.955328 -0.111000 -0.584000 2.731000 757
0.099576 -5.290521 -18.479246 -992.228271 7.166797 -0.057191 0.440991 0.078000 -0.273000 2.749000 758
0.100234 -15.558475 8.578306 -993.966858 2.554814 -5.755281 -0.054711 0.025000 0.185000 2.830000 763
0.100618 -25.505653 -36.942699 -973.006470 -1.972388 11.141667 -0.156014 0.217000 0.194000 2.794000 772
0.100181 -20.390152 -16.867126 -984.852600 -4.005467 -6.996177 -6.566044 0.380000 0.011000 2.776000 773
0.100164 -39.097725 -31.531574 -966.624268 -0.529926 -3.375824 -0.044534 0.139000 -0.122000 2.811000 776
0.101099 -10.421320 -55.053085 -981.664978 2.133989 2.046700 7.048188 0.046000 -0.294000 2.904000 777
0.099681 11.429095 -15.468116 -978.369141 -3.739264 1.976810 -1.230564 -0.064000 -0.536000 2.928000 783
0.099850 -22.794003 -18.916769 -958.195129 0.869326 0.123284 -3.296622 0.062000 -0.454000 2.942000 784
0.101607 -11.682594 -18.107021 -966.252319 5.324474 -4.193820 4.393355 0.127000 -0.275000 2.989000 784
0.099877 -8.575384 -15.944630 -966.625061 9.743339 -14.603329 -3.582643 -0.488000 0.268000 2.854000 788
0.099944 -15.716890 -3.301938 -985.473999 1.774706 -31.176210 2.230310 -3.108000 0.740000 2.738000 777
0.100215 -17.885477 -13.481285 -988.645203 0.027873 -29.196829 -2.213329 -5.999000 0.802000 2.563000 772
0.100244 -36.275120 -24.697615 -989.470886 -3.065043 -15.607382 1.694457 -7.613000 0.733000 2.416000 762
0.100546 -11.223728 -36.846138 -1009.293213 -2.735647 -2.910532 2.860777 -8.164000 0.479000 2.251000 767
0.100392 -50.113930 -35.518559 -994.352966 1.995706 0.326162 1.073553 -7.981000 0.141000 2.159000 758
0.100247 -57.843170 -23.577570 -1006.082703 -7.304077 12.834038 -0.978652 -7.391000 -0.039000 1.998000 751
0.099864 -74.088196 -13.161433 -991.642517 -1.957247 2.402553 -7.479554 -6.628000 -0.287000 1.829000 750
0.100174 -89.079109 -35.318604 -1002.853760 -7.332584 0.331153 -5.178799 -6.100000 -0.836000 1.706000 759
0.100930 -72.171822 -50.608387 -999.981628 -1.622098 -3.422974 0.645658 -6.073000 -1.349000 1.588000 757
0.101709 -62.666920 -46.748898 -985.650452 -9.729621 -4.557535 3.686123 -6.090000 -1.651000 1.551000 761
0.099106 -90.358330 -36.756535 -998.953186 -5.023644 8.123632 3.983911 -6.194000 -1.898000 1.607000 774
0.101439 -58.113365 -17.256006 -985.305481 3.602370 -1.110819 2.244832 -6.082000 -1.591000 1.742000 774
0.100483 -95.970871 3.675358 -968.523376 0.017817 46.350204 0.407883 -4.238000 -1.167000 1.870000 785
0.099587 -104.885384 -28.173752 -955.493225 4.186245 52.000229 0.972316 1.163000 -0.634000 1.952000 781
0.100344 -88.693512 21.941591 -961.401062 6.859895 36.644958 -5.422856 4.970000 0.566000 1.932000 790
0.100548 -84.598801 -7.408976 -960.980347 10.050901 10.351872 -1.738399 6.883000 1.482000 1.940000 788
0.101306 -98.713020 -43.435459 -974.681519 -2.096725 -9.024793 1.819299 7.218000 1.667000 1.980000 778
0.100099 -64.996407 -36.180111 -991.137817 6.214689 -16.079035 2.433648 5.649000 1.218000 1.982000 776
0.099459 -80.046143 -26.530088 -985.173767 -3.911534 -4.835770 2.028849 4.979000 0.862000 2.025000 767
0.100729 -78.751991 -28.970675 -1005.008179 -2.817823 -11.366385 -0.504626 4.285000 0.572000 2.118000 761
0.100244 -50.401772 -15.957109 -992.039429 -5.089178 0.176280 2.359968 3.536000 0.324000 2.356000 756
0.101628 -57.264160 -20.853724 -995.947693 -1.411585 -2.919356 5.648081 3.077000 0.148000 2.501000 753
0.100286 -53.889759 -15.889728 -974.825867 -2.404430 -2.993314 -1.539589 2.512000 0.245000 2.642000 745
0.099668 -56.943676 -10.421812 -978.692993 8.063054 -2.781901 -1.257403 2.349000 0.330000 2.799000 739
0.100914 -50.334023 -23.731867 -995.109375 -3.326096 2.486347 0.299210 2.283000 0.420000 2.916000 738
0.100586 -31.496412 -0.574321 -985.135254 -5.277297 -5.549973 1.649960 2.246000 0.013000 2.989000 731
0.100559 -24.482925 -40.022972 -1002.894592 -0.768778 -1.349263 4.107192 1.840000 -0.379000 3.141000 725
0.100920 -54.257065 -28.131737 -970.967346 8.110772 -10.254173 -1.714101 1.185000 -0.311000 3.227000 720
0.100789 -37.238995 -20.277302 -977.713257 6.850619 -5.239241 -4.920397 0.764000 -0.153000 3.278000 719
0.101913 -36.981701 -23.557440 -970.744812 -0.870906 5.702615 -3.175505 0.726000 0.054000 3.313000 719
0.099152 -43.450481 -38.861809 -979.618286 -0.814322 1.077143 -0.154066 0.853000 -0.049000 3.355000 710
0.100840 -4.757283 -13.594840 -993.624878 -2.638242 -7.657184 1.629253 0.689000 -0.264000 3.327000 712
0.100458 -38.965557 -19.551756 -975.675476 -2.553969 0.371878 -1.107041 0.502000 -0.386000 3.363000 704
0.099644 -28.186295 -35.456818 -1002.137634 -7.299047 -0.886769 1.595379 0.380000 -0.759000 3.312000 705
0.100192 -44.725571 -25.730488 -975.202820 -3.655375 5.498600 -3.547571 0.333000 -0.957000 3.235000 699
0.100433 -23.428753 -18.111889 -1022.026978 -4.105024 -4.370820 3.408619 0.246000 -1.235000 3.249000 700
0.100675 -24.262594 -8.781519 -1014.027588 -4.003971 1.019912 1.780411 0.351000 -1.328000 3.149000 699
0.100966 -27.087498 -44.501312 -983.279297 11.307691 1.303838 -6.047007 0.580000 -0.887000 2.943000 702
0.100671 -11.981074 -3.287997 -997.604370 3.106010 -2.239647 1.298625 0.521000 -0.200000 2.878000 709
0.101497 -37.067730 -24.141026 -986.420227 0.006734 5.458837 -3.038357 0.671000 -0.015000 2.823000 713
0.099065 -35.076283 -26.883669 -992.792847 2.431587 7.323756 1.804884 1.070000 0.083000 2.781000 716
0.100713 -35.833450 -16.475887 -976.463318 2.733641 -2.394411 1.542787 1.434000 0.227000 2.772000 724
0.100268 -35.236565 -4.779874 -973.864014 0.070599 -0.003466 -5.695387 1.496000 0.278000 2.819000 731
0.101542 -18.622166 11.861273 -978.731384 -1.083762 -2.214204 2.029703 1.402000 0.331000 2.731000 733
0.100527 -50.014297 -24.550470 -956.526306 -0.527721 4.162100 -2.608145 1.210000 0.434000 2.689000 741
0.101279 13.030711 -2.829792 -974.516479 -2.379905 -9.899038 -1.578996 1.086000 0.487000 2.667000 742
0.099526 12.374963 -33.410713 -985.817322 1.521476 3.450959 4.855884 0.987000 0.316000 2.716000 745
0.101669 -22.922874 -0.291021 -967.034485 1.113125 -2.842296 -5.619090 0.730000 0.228000 2.649000 747
0.099932 -18.380812 -17.538910 -995.046875 1.836098 -4.667975 2.197352 0.733000 0.241000 2.613000 746
0.099025 -7.868985 -4.609135 -985.796143 2.258803 -9.784639 -0.638033 0.810000 0.225000 2.546000 748
0.100980 -23.838835 -17.821213 -971.292175 3.193238 -7.325323 -8.766787 0.577000 0.467000 2.368000 746
0.101631 0.085899 -6.352634 -988.394775 3.656844 -8.349144 -2.540598 -0.002000 0.831000 2.130000 745
0.100355 -12.811020 -20.510159 -981.140686 -0.699705 -0.274214 0.843675 -0.031000 0.908000 1.982000 745
0.100021 -6.418974 -32.235416 -979.725586 2.328434 3.671387 0.301700 0.016000 0.861000 1.770000 743
0.100525 -8.718638 -21.495724 -978.721130 5.107707 2.899328 -2.495533 -0.177000 1.107000 1.555000 741
0.099821 -6.530573 -12.390764 -994.831726 7.831186 -4.308829 5.127877 -0.229000 1.181000 1.346000 736
0.100734 -15.316075 14.744062 -998.167114 2.250383 -8.609568 -7.202707 -0.447000 1.306000 1.107000 731
0.099624 -0.106724 6.529904 -1010.544495 -7.903025 -5.682582 -0.167076 -0.567000 1.077000 1.016000 729
0.100146 -23.459558 -11.384187 -983.736694 2.545097 2.260436 -1.127111 -0.553000 0.968000 0.908000 728
0.100378 -14.152826 -26.120226 -990.634888 5.099514 -0.727308 -4.749672 -0.300000 0.834000 0.698000 727
0.101606 -5.263725 -8.281275 -978.851257 -0.053445 1.466377 -3.195681 -0.117000 0.658000 0.552000 733
0.100591 5.285760 -23.705454 -981.261230 -0.840052 -3.661051 -6.624194 -0.019000 0.315000 0.406000 736
0.099701 -2.060447 -25.081673 -1024.485107 -3.415666 -1.124402 -1.651524 0.303000 0.086000 0.329000 736
0.101043 6.165383 -0.302744 -1041.340332 -10.391152 -7.592660 2.783871 0.103000 -0.328000 0.280000 742
0.102349 -7.703176 -25.007580 -1027.757690 -5.088787 3.781556 -2.626643 -0.131000 -0.664000 0.178000 754
0.099562 -15.340393 -6.406919 -1005.363281 -0.487764 -0.799298 -9.530440 -0.008000 -0.781000 0.074000 765
0.100443 -7.326853 -44.740112 -989.129822 -5.660006 10.426013 1.619222 0.181000 -0.547000 0.052000 777
0.101239 4.918445 -5.895541 -993.531982 6.652789 -3.496202 0.948365 0.619000 -0.576000 0.180000 799
0.099780 9.743907 -22.950930 -981.684265 1.374110 -17.146986 5.431088 0.177000 -0.520000 0.399000 829
0.099930 2.900405 2.775776 -983.685181 -4.414145 -0.152155 -0.377531 -0.088000 -0.693000 0.609000 844
0.100173 -2.344454 -14.957029 -969.791443 3.250283 -10.285193 -2.176812 0.222000 -0.937000 0.798000 870
0.101388 0.285872 -13.374382 -966.249451 3.174795 -7.948256 -3.258061 -0.248000 -0.710000 0.946000 895
0.100398 -9.029774 -66.493210 -985.678284 8.953027 6.577238 4.539694 -0.216000 -0.381000 0.996000 920
0.100053 8.638294 -55.137997 -974.040283 0.009781 5.328721 6.753393 -0.035000 0.025000 1.059000 935
0.101499 -7.468190 25.231594 -972.951843 -1.602884 -3.199508 -2.789524 0.160000 0.092000 0.934000 950
0.099572 -3.162317 0.116993 -913.550720 -3.244277 0.405014 -5.658685 0.548000 -0.207000 0.912000 975
0.100437 -11.204819 -16.625559 -922.893555 -6.821059 10.597427 -1.579771 1.135000 -0.317000 0.840000 983
0.101599 -9.346803 -16.034681 -928.803589 -8.598878 6.234460 -1.535193 1.339000 -0.558000 0.823000 998
0.099588 0.016005 -59.782703 -957.492798 0.794711 6.904707 -0.577165 1.554000 -0.946000 0.825000 997
0.101126 -32.795746 -21.966576 -941.887207 2.240920 0.990446 0.963470 1.166000 -1.025000 0.879000 1005
0.101733 9.310051 -36.865211 -996.727295 -5.184639 4.112534 2.918029 1.403000 -1.413000 0.942000 1001
0.100183 -9.934417 -40.774158 -982.435181 12.654308 5.432822 5.323388 1.937000 -0.943000 1.039000 1002
0.100477 -2.203099 -20.174511 -969.682495 11.275668 -8.392340 -3.080419 1.734000 0.217000 1.131000 996
0.100133 -23.502087 -7.406621 -966.086670 2.631938 -9.867466 -5.021258 1.259000 0.301000 1.023000 995
0.100927 0.401731 6.709550 -979.691467 4.764099 -1.237913 0.466964 0.995000 0.385000 0.973000 999
0.099813 -10.917334 -13.764802 -988.202148 2.229888 8.266102 -4.963411 0.796000 0.645000 0.859000 993
0.101650 -5.392678 -9.817219 -984.632446 2.040155 -5.218256 -4.629924 0.791000 0.736000 0.826000 989
0.100731 -2.755648 -52.561573 -980.428528 -0.804793 8.482272 -4.657436 0.796000 0.755000 0.745000 991
0.099866 9.471687 -11.297340 -992.422485 6.136446 -0.321726 -0.648151 0.728000 1.042000 0.723000 991
0.100725 -1.240857 16.535252 -998.878967 -7.743872 -4.532332 -3.917669 0.917000 1.057000 0.708000 991
0.100969 -5.277967 13.418459 -986.222046 3.071157 -7.852010 -5.008855 0.560000 1.256000 0.755000 992
0.100025 7.184228 3.641714 -994.989075 -5.068252 -6.662393 -6.199342 0.358000 1.224000 0.795000 993
0.100846 4.350185 -1.360560 -992.798340 2.803086 -5.423139 3.451155 0.234000 1.053000 0.743000 993
0.100619 23.557039 -9.427341 -975.868591 8.135533 -12.712727 -0.722573 -0.220000 1.433000 0.702000 998
0.100589 20.286154 -0.896368 -980.064575 0.228709 -7.483201 2.210254 -0.886000 1.914000 0.671000 1001
0.100769 8.456133 3.285818 -986.107483 -10.583242 -6.896937 -4.781856 -1.288000 1.695000 0.558000 1002
0.100718 -1.515521 -18.386971 -960.121338 -4.496233 -2.783158 -1.258379 -1.146000 1.068000 0.467000 996
0.100321 28.924156 -15.713433 -987.348083 1.943731 -2.065802 0.019116 -0.888000 1.202000 0.492000 1000
0.101470 4.246087 -60.806435 -969.568054 0.340045 7.575077 0.104841 -0.502000 1.251000 0.522000 998
0.100622 -2.425732 -48.964790 -992.452148 8.468247 5.256484 1.388409 -0.093000 1.194000 0.566000 994
0.099668 -3.004272 -42.361103 -991.345764 -2.093024 2.180504 4.957085 -0.026000 0.789000 0.648000 989
0.100821 20.139389 -17.837282 -999.427368 -0.630752 1.795669 1.413554 0.228000 0.543000 0.732000 988
0.100240 5.599908 -46.241173 -994.461426 0.169202 2.210348 5.052469 0.327000 0.720000 0.867000 988
0.100615 7.167887 -6.659912 -980.406738 -5.743186 -0.241265 -0.664646 0.565000 0.377000 1.042000 984
0.100247 -8.302486 -45.362709 -999.311707 -5.985623 -5.056344 4.691331 0.673000 0.025000 1.216000 985
0.101637 -6.381941 -47.302258 -992.723206 -6.229850 0.948146 7.513680 0.261000 -0.286000 1.358000 987
0.100109 -4.570407 -45.693050 -989.958740 -0.721425 3.533164 1.947421 0.100000 -0.871000 1.421000 982
0.100420 -6.250616 -22.682384 -996.249512 -4.257724 9.233408 -2.076988 0.426000 -1.594000 1.302000 982
0.100486 0.256410 -29.486481 -1002.274048 9.243488 1.419771 -8.997993 1.069000 -1.012000 1.224000 981
0.099808 8.638284 -22.908047 -1008.003540 12.030908 -3.242837 3.813616 1.516000 -0.387000 1.312000 987
0.101411 -8.877628 -8.075250 -992.927002 -2.624457 -3.024839 -0.445509 1.561000 -0.537000 1.450000 994
0.101171 1.391843 -33.174946 -992.655396 -1.271845 1.934691 4.424508 1.506000 -0.623000 1.675000 1004
0.099709 -21.435383 -2.711884 -969.443848 -1.821813 -7.675982 -5.242062 1.171000 -0.590000 1.936000 1009
0.100675 -2.000886 -42.647324 -968.530457 0.237813 -2.173074 1.387423 0.351000 -0.476000 2.103000 1016
0.101506 25.937422 3.728707 -953.333252 7.721091 -6.841867 0.738820 -0.103000 -0.175000 2.238000 1019
0.098404 11.832131 -4.612808 -955.867615 5.387739 -10.581124 1.750485 -0.554000 0.151000 2.258000 1030
0.099966 19.428230 7.145601 -972.180298 1.618056 -10.078702 -0.632166 -1.250000 0.496000 2.181000 1030
0.100134 18.551563 -11.471525 -973.667480 -2.636063 -9.657697 -2.430450 -1.918000 0.672000 2.089000 1033
0.100830 17.059160 -7.287672 -968.677246 5.394345 -8.197425 -1.130197 -2.227000 0.818000 1.994000 1027
0.101005 -5.500257 -36.079876 -968.322021 -1.163585 9.523103 -0.533754 -1.917000 0.784000 1.957000 1023
0.099987 -21.532982 -10.440041 -961.316223 -0.368997 1.315978 -0.775732 -1.389000 0.234000 1.966000 1021
0.101042 0.661519 6.082227 -972.013489 -0.120965 -0.951054 -3.048482 -1.040000 -0.006000 2.044000 1016
0.099862 3.769252 6.323534 -991.422668 -9.750667 -2.595623 3.884865 -0.846000 -0.173000 2.147000 1014
0.100301 5.078211 -50.627659 -986.272217 -7.248990 6.499475 1.489091 -0.608000 -0.716000 2.152000 1010
0.100673 -0.751162 8.205227 -1007.798828 -7.220339 -1.935480 -3.718461 -0.553000 -1.222000 2.193000 1003
0.099806 -0.809092 -38.361187 -1012.153137 2.189517 -2.347404 6.292086 -0.805000 -1.007000 2.259000 999
0.100040 -21.546373 -47.417633 -984.843567 4.864279 -19.999483 -1.473846 -2.646000 -0.556000 2.386000 999
0.101271 -29.604980 -22.205679 -996.010864 4.269473 -17.719368 -4.685666 -5.002000 -0.132000 2.477000 996
0.100649 0.139151 -15.282263 -1005.574951 -2.196465 -15.289133 0.367492 -6.538000 0.101000 2.497000 995
0.100038 -29.924587 -34.305725 -978.906738 -0.907148 0.594041 -2.847199 -6.835000 -0.061000 2.481000 994
0.100908 -13.997511 -27.320955 -1007.624939 -5.151019 12.381531 5.824594 -6.461000 -0.392000 2.552000 1012
0.099776 -42.004932 -42.876785 -981.172180 -4.259756 2.544234 -1.913512 -6.036000 -0.798000 2.520000 1013
0.100382 -15.253142 -63.481003 -993.476868 2.035799 -3.157939 4.332959 -5.883000 -1.164000 2.515000 1009
0.100286 -34.849640 -36.577690 -973.729309 -3.966033 3.557331 5.085154 -5.886000 -1.396000 2.571000 1015
0.100262 -72.028076 -29.147005 -957.432251 0.998489 -4.841876 -6.061791 -5.934000 -1.445000 2.649000 1014
0.100978 -45.667343 -8.587129 -956.814331 3.343982 -12.247206 -3.522529 -6.201000 -1.358000 2.764000 1018
0.100361 -48.957916 -55.948536 -954.482544 9.833948 6.685120 4.232579 -5.929000 -0.711000 3.011000 1016
0.100468 -80.871010 -0.271258 -959.367615 10.430337 -5.759391 0.520701 -5.239000 0.204000 3.292000 1025
0.100021 -101.349876 27.021378 -957.409729 16.690479 43.058346 -1.945323 -2.846000 1.548000 3.588000 997
0.101012 -90.923080 24.324615 -990.653748 6.974305 42.164272 -2.488055 2.031000 2.903000 3.907000 986
0.101192 -89.352768 -24.851135 -967.869690 9.744204 31.108650 -4.012109 4.929000 3.595000 4.149000 991
0.100579 -55.775887 -6.951025 -990.228516 2.380745 2.227425 -0.901055 5.781000 3.927000 4.182000 963
0.100479 -68.724098 -36.726082 -987.412781 0.699009 -8.656554 -1.079022 4.620000 3.811000 4.004000 951
0.101761 -59.722534 -11.237974 -999.753235 -0.550485 5.594713 -1.736514 3.963000 3.709000 3.672000 934
0.100257 -51.102886 -30.955746 -1016.536743 -15.123009 6.646605 3.114280 4.340000 2.823000 3.403000 932
0.099935 -68.585602 -3.042897 -996.764099 -13.320847 1.400799 -2.731403 4.555000 1.656000 3.147000 911
0.101567 -35.350838 -16.263390 -998.843506 -2.391181 -11.902563 -5.576506 4.095000 0.676000 2.856000 907
0.100604 -20.033152 -30.539131 -1002.767273 -2.564846 -16.581882 -1.433925 2.773000 0.194000 2.617000 897
0.101121 -55.218292 -5.839024 -988.370239 -6.739639 -6.685927 0.274660 1.684000 -0.410000 2.532000 892
0.100815 -62.289051 -0.999103 -981.159973 -3.430593 -5.853211 -7.606528 1.365000 -0.906000 2.416000 881
0.099734 -31.794363 -12.434564 -997.304077 3.363972 -9.790712 -2.029504 0.973000 -0.737000 2.405000 874
0.099916 9.876513 -23.134775 -1005.647339 1.729564 -10.153290 3.914983 0.396000 -0.502000 2.515000 867
0.100741 -19.558899 -27.006432 -994.027344 -0.566410 -4.078318 7.607556 -0.003000 -0.737000 2.662000 865
0.100240 -36.639366 6.368179 -978.927856 -5.124197 -8.854015 -2.032869 -0.465000 -1.069000 2.753000 866
0.100999 -21.997238 9.592382 -1010.641785 -0.185170 -7.081828 2.128783 -1.339000 -0.844000 2.878000 858
0.101145 -17.950558 -13.403978 -999.946472 -0.209603 -7.384092 -11.006129 -0.885000 -1.094000 2.937000 857
0.101036 -8.960832 -41.785683 -1011.901306 -1.533326 9.668464 3.928865 -0.855000 -0.906000 3.002000 853
0.099915 -33.411774 9.114000 -997.438538 -2.536871 -4.834618 -2.987432 -0.526000 -1.169000 3.025000 861
0.100766 -5.987463 -20.987078 -1000.893372 -0.036431 6.546438 4.164783 -0.784000 -1.119000 3.027000 867
0.101598 -26.528538 -48.818375 -965.062500 2.612579 12.365255 1.512390 -0.396000 -1.116000 2.986000 873
0.099124 -0.813256 -7.513870 -974.923828 9.020597 -2.747450 -6.358906 0.099000 -0.868000 2.920000 870
0.099970 -1.739863 -7.194176 -1019.857544 -2.546000 4.730009 4.219920 0.414000 -0.838000 2.849000 892
0.101498 -10.139677 -26.376261 -1004.037598 -5.810633 7.421376 -1.736619 0.393000 -0.855000 2.726000 881
0.099665 -18.990318 -33.081081 -1006.461975 -5.520021 8.706728 -0.996536 0.411000 -1.221000 2.676000 887
0.100170 -45.611626 -27.322140 -998.322876 -0.973277 -9.760391 -2.975200 0.125000 -1.598000 2.556000 894
0.100059 -17.917583 1.365713 -1006.907288 -10.138525 -1.353435 -1.703407 0.312000 -2.041000 2.602000 908
0.099969 -29.420317 -18.611969 -971.260803 6.915386 2.336094 -3.256253 0.324000 -1.544000 2.574000 920
0.100519 -6.022752 22.323528 -963.954895 5.982694 9.414880 -6.572324 1.114000 -1.148000 2.478000 942
0.101593 3.007346 -2.387157 -994.222168 -2.780137 7.595689 4.579725 2.037000 -0.903000 2.411000 946
0.102064 -18.314034 -32.076851 -987.478760 6.382725 -1.009193 2.130100 2.226000 -0.396000 2.299000 957
0.099730 -11.639497 -6.706604 -976.888794 4.268811 -8.286839 0.089267 1.782000 -0.076000 2.085000 968
0.099577 -0.020603 13.462571 -976.977356 4.315745 -6.503613 -0.775162 1.668000 0.147000 1.937000 979
0.101284 10.368097 3.611957 -976.552002 -3.822962 3.139585 -2.352425 1.816000 -0.083000 1.697000 989
0.099752 1.772466 -26.575096 -968.229797 0.972871 5.731644 -0.018595 1.790000 -0.145000 1.479000 999
0.100663 2.553018 1.718627 -981.145386 1.150865 -5.517041 -2.502945 1.409000 -0.167000 1.323000 1009
0.099866 12.341550 7.204985 -972.735657 -5.011118 -2.804374 2.056153 1.207000 -0.490000 1.147000 1015
0.099821 -4.927059 6.297479 -957.493591 5.266810 -6.959480 -4.178529 0.974000 -0.331000 1.021000 1019
0.100881 2.377648 -20.604225 -949.517273 4.743166 0.036082 -3.726240 0.917000 -0.074000 0.909000 1025
0.100723 8.200735 18.325289 -971.680725 -1.314798 -4.635921 -1.484174 0.469000 -0.002000 0.853000 1028
0.101214 -7.410388 -17.523708 -959.831970 5.975814 4.514169 -2.038658 0.977000 -0.316000 0.877000 1028
0.100285 -8.712027 -16.505060 -973.975708 0.779325 9.613786 -4.048848 1.478000 0.146000 0.819000 1031
0.100206 -4.030522 -36.395908 -980.066223 0.728222 8.600671 0.761834 1.622000 0.362000 0.762000 1032
0.100789 -27.641914 -0.337614 -979.563477 -2.596557 1.229050 2.558549 1.757000 0.147000 0.759000 1030
0.101709 4.922974 -0.840833 -993.810730 4.580326 -10.603806 -0.271217 1.419000 0.169000 0.739000 1033
0.099829 2.738317 -29.739685 -987.868469 6.042069 -0.599338 0.017975 1.046000 0.767000 0.706000 1036
0.100891 17.245686 -16.540176 -996.961487 -2.619862 -2.692705 -5.363819 0.709000 0.690000 0.698000 1036
0.099529 -5.482928 22.069572 -989.130066 6.003513 -6.864893 -1.892890 0.359000 0.950000 0.692000 1036
0.100330 15.780992 -28.543091 -974.290649 0.002550 12.801517 0.795764 0.231000 1.173000 0.684000 1037
0.101543 -2.112527 -16.047813 -969.254761 -10.411728 17.731483 1.494277 1.193000 1.108000 0.729000 1040
0.101243 -5.423635 -7.742980 -957.200439 -28.874792 -7.746473 -3.080450 1.856000 -1.151000 0.711000 1042
0.100877 -0.883078 -12.218314 -962.579163 -30.345154 -6.956626 -0.024110 1.202000 -4.017000 0.683000 1044
0.100353 11.013067 -6.870179 -979.571289 -14.720574 -10.014771 5.219261 0.330000 -5.907000 0.677000 1039
0.101152 12.908795 -3.784191 -978.330200 -1.402582 -7.474404 -5.962639 -0.048000 -6.431000 0.534000 1034
0.100046 5.046823 -8.130419 -976.905762 3.003081 1.348665 1.761643 -0.379000 -6.436000 0.462000 1048
0.100104 -10.894307 17.255486 -986.673340 -5.660914 -1.483482 -2.798859 -0.505000 -6.499000 0.363000 1029
0.100577 -2.617247 50.071735 -964.945984 -8.868108 1.729926 -5.858099 -0.503000 -6.747000 0.225000 1024
0.099981 -30.552219 15.029878 -976.927246 -2.394317 3.765423 -0.175083 -0.270000 -6.775000 0.118000 1018
0.101560 3.431091 27.595913 -967.755493 3.352267 3.676738 -5.985635 0.105000 -6.401000 -0.047000 1009
0.100328 -5.999813 77.172752 -989.789856 -3.313443 0.824176 -1.110812 0.256000 -5.955000 -0.025000 997
0.100181 -16.702511 64.289055 -997.071899 -8.520072 6.057957 2.459802 0.472000 -6.001000 0.155000 991
0.099904 -22.391174 66.895569 -977.493774 -6.180713 -0.973028 -1.571327 0.385000 -6.416000 0.346000 984
0.101131 -14.483094 54.962776 -990.706055 26.942196 -2.529255 3.251622 0.443000 -4.471000 0.594000 972
0.099341 -27.475901 55.370850 -979.208984 25.789886 -5.094810 -0.296686 0.603000 -1.201000 0.889000 962
0.100813 -28.145603 35.117908 -991.757080 32.050777 -8.177631 7.198814 0.430000 1.347000 1.114000 956
0.100393 -31.997971 32.184631 -984.613647 28.168352 0.412839 2.755414 -0.070000 3.794000 1.498000 937
0.100531 -19.172070 45.128170 -1017.012634 -7.393924 -14.476414 0.553503 -1.141000 3.775000 1.699000 930
0.099767 -21.707727 8.709682 -1007.285217 -2.169241 1.940971 3.351008 -2.040000 3.054000 1.894000 925
0.100133 -25.175941 36.092232 -997.167053 17.962631 -6.005148 -3.580389 -1.793000 3.569000 2.036000 921
0.101372 -3.301630 -14.453844 -995.574463 1.874775 5.911072 -0.109497 -1.798000 3.452000 2.027000 921
0.100051 -19.180750 10.917442 -1012.111206 4.432713 0.302232 3.463111 -1.646000 3.993000 2.119000 921
0.101041 -18.587685 -0.857740 -1004.048584 -6.150294 -8.558282 -1.018683 -1.994000 3.811000 2.344000 924
0.102251 -23.795338 31.893852 -991.125244 -0.364091 -2.136003 -3.666714 -2.334000 3.584000 2.542000 927
0.099539 -16.834541 14.694447 -992.392456 -10.788199 1.300560 -2.090802 -2.099000 2.999000 2.631000 932
0.100240 -31.950590 5.435592 -958.451843 -0.595766 0.449834 -5.638289 -1.755000 2.507000 2.747000 935
0.101218 -28.948219 0.555997 -976.432312 -7.224699 2.345927 1.913372 -1.632000 2.262000 2.650000 947
0.099555 -9.268827 -17.020569 -980.041199 -2.025875 -0.575899 3.097228 -1.359000 1.960000 2.585000 940
0.100553 -28.906223 -61.022842 -989.212280 -2.299226 2.313315 1.340667 -1.539000 1.656000 2.399000 938
0.100996 -35.008904 -2.571310 -994.301819 -6.483377 -12.608932 4.212430 -2.440000 1.086000 2.272000 938
0.099671 -20.085312 -40.782215 -970.649170 -7.619145 3.524754 0.106384 -3.141000 0.710000 2.220000 941
0.101014 -45.206741 -38.882339 -963.377686 2.054636 0.223637 -0.169401 -3.444000 0.673000 2.191000 936
0.100492 -20.459023 -20.644756 -1010.503784 3.990299 -8.213548 8.160110 -3.398000 0.789000 2.347000 935
0.101006 -55.245403 -14.669073 -981.240173 1.918399 -3.945987 -7.813501 -3.117000 0.860000 2.372000 932
0.100494 -8.775599 -45.977592 -1012.456177 -4.321479 9.265349 3.289829 -3.077000 0.905000 2.412000 937
0.100370 -50.666515 -27.223246 -977.610046 -3.740887 0.601602 0.917255 -2.834000 0.585000 2.394000 941
0.101152 -45.721561 -47.317474 -984.446533 -4.351925 -1.067448 -2.506278 -2.964000 -0.004000 2.240000 946
0.099854 -34.673092 -11.633274 -980.217468 0.381685 -10.462823 -3.021584 -2.777000 -0.801000 1.977000 942
0.100515 -39.001461 -33.238647 -1010.272156 -6.286957 0.365882 -3.210389 -2.498000 -0.827000 1.711000 948
0.099922 -49.142460 -54.595558 -974.450134 -0.449794 2.380893 -4.140341 -1.808000 -1.467000 1.367000 957
0.101292 -67.305305 -46.197517 -973.161255 3.760776 7.872280 -2.254290 -1.169000 -1.202000 0.989000 959
0.100753 -51.864449 -18.599304 -957.402649 1.808312 -1.413081 -6.877167 -0.501000 -1.120000 0.708000 962
0.101230 -59.836510 -41.833694 -963.656067 11.803632 -4.168397 0.373343 -0.747000 0.252000 0.550000 969
0.099972 -47.125584 -8.551195 -971.555176 0.336997 -1.629794 -5.233924 -1.285000 0.807000 0.425000 968
0.100718 -48.918953 -23.309576 -973.545959 0.771576 3.230612 -1.506842 -1.792000 1.071000 0.274000 975
0.100061 -37.506199 -13.460831 -972.422302 6.562988 2.342651 -9.394932 -1.684000 1.338000 -0.062000 975
0.099798 -31.684185 -25.268084 -973.112915 3.681536 15.383200 -6.600227 -0.640000 1.635000 -0.368000 979
0.100622 -45.109367 -52.080795 -968.535217 2.864281 8.659502 -3.152061 0.442000 1.639000 -0.740000 982
0.100737 -50.696140 -36.057972 -953.956787 -1.949504 -3.775735 -3.768591 0.870000 1.601000 -1.178000 984
0.101310 -33.324619 -28.748207 -982.060242 -9.890397 -6.095349 -2.134863 -0.170000 1.311000 -1.594000 986
0.100278 -47.794224 -28.387003 -987.405457 0.196579 -3.250464 4.396214 -0.610000 1.014000 -1.775000 983
0.099754 -48.000572 -18.431702 -978.894775 -4.936230 -3.862183 -0.009801 -0.292000 0.807000 -2.008000 981
0.100360 -49.697128 -22.296204 -989.395386 -5.637324 -0.898854 -3.528633 -0.888000 0.356000 -2.173000 981
0.100040 -38.454441 -44.970238 -994.512573 -3.073996 -0.037530 -2.981197 -1.164000 0.000000 -2.403000 986
0.100573 -28.600607 -62.856667 -993.665588 2.313793 6.621102 1.347115 -0.464000 -0.118000 -2.521000 987
0.101390 -34.137596 -51.685165 -997.499268 1.268810 -4.868311 -4.414878 -0.610000 -0.179000 -2.633000 990
0.100290 -36.749409 -71.214493 -981.207764 -3.073640 -4.497854 2.964910 -0.439000 -0.348000 -2.604000 1000
0.100066 -45.510490 -27.380096 -991.759277 -0.092616 6.897166 -2.782720 -0.578000 0.080000 -2.554000 1002
0.101522 -48.426025 -15.525590 -974.938110 3.740619 -0.042183 -0.308505 -0.297000 0.381000 -2.426000 1010
0.100699 -43.578987 -32.153717 -978.289551 0.459543 9.321433 4.272690 -0.532000 0.803000 -2.221000 1014
0.099512 -60.109009 -29.737471 -963.149353 1.777605 4.754384 2.188487 -0.034000 1.123000 -2.039000 1021
0.100418 -50.602734 -11.225096 -975.446350 -2.586722 2.290267 6.460880 0.146000 1.290000 -1.781000 1020
0.101805 -38.457146 -31.205030 -999.131714 1.379483 0.783851 6.859393 0.184000 1.300000 -1.560000 1029
0.100190 -52.132881 -10.102489 -960.343079 4.714655 19.796959 2.684704 1.122000 1.891000 -1.308000 1028
0.099963 -46.383373 -23.023172 -969.152710 -2.136723 27.686113 1.361738 4.049000 1.833000 -0.998000 1031
0.100292 -46.397919 -34.433521 -1006.062866 -10.273124 26.649706 5.505563 6.211000 1.270000 -0.696000 1031
0.100133 -42.171204 -52.682873 -1001.932800 -4.111869 8.962893 5.844448 7.417000 0.628000 -0.532000 1028
0.101143 -30.462620 -53.370567 -966.079102 -2.849649 1.398333 3.890740 7.923000 0.214000 -0.378000 1028
0.100816 -32.265411 -49.679138 -991.613220 4.581354 9.234663 -1.525243 8.389000 0.159000 -0.321000 1024
0.100064 -13.391490 -32.931618 -1002.220703 3.605599 -2.398480 -2.838330 8.090000 0.349000 -0.288000 1020
0.100298 -17.874956 -16.956169 -990.474121 -7.265707 1.122371 -2.610028 7.748000 0.481000 -0.265000 1017
0.100444 -6.139049 -46.046722 -994.158386 -2.358595 3.401171 -0.354028 7.517000 0.293000 -0.285000 1017
0.100495 5.278858 -24.476791 -995.028748 4.474113 -2.112259 -5.433531 7.515000 0.259000 -0.445000 1008
0.100156 -12.128178 -42.879227 -969.933838 9.527740 4.218951 -1.830530 7.556000 0.713000 -0.702000 1004
0.100727 3.493055 -4.753654 -936.867798 0.427290 2.164038 4.244112 7.532000 1.439000 -0.891000 1006
0.101472 29.046082 -19.037235 -951.787781 16.577629 -9.635057 -2.075293 6.832000 2.493000 -1.105000 991
0.099412 32.510147 21.786755 -980.034058 24.791906 -66.051094 1.239645 1.944000 4.891000 -1.338000 983
0.100268 43.877605 13.453578 -1021.634399 0.676318 -49.619713 8.715950 -3.555000 5.689000 -1.210000 959
0.101023 43.426483 -49.133003 -1029.354736 -35.252136 -11.350969 12.038557 -6.430000 3.432000 -0.283000 934
0.100011 38.711487 -24.852552 -1045.393555 -31.581921 -14.993408 8.455392 -7.350000 -0.168000 0.842000 927
0.099661 62.809669 -46.316315 -1062.424561 -26.752254 17.775948 5.782015 -7.345000 -3.296000 1.923000 914
0.100759 28.432732 -72.318367 -1031.864746 -9.829916 19.151659 4.493985 -4.453000 -4.902000 2.331000 916
0.101015 24.664778 -53.740265 -1011.562378 7.329886 -8.001716 9.761264 -4.166000 -4.392000 2.802000 925
0.099476 26.660208 -45.713451 -1000.900391 4.741457 -2.073132 3.992611 -4.613000 -3.232000 3.269000 921
0.101335 27.116058 -41.581043 -1028.826416 1.930440 14.688769 7.677182 -4.078000 -3.032000 3.474000 928
0.100513 11.201895 -51.175888 -1011.846985 1.180338 13.058848 5.085012 -3.044000 -2.728000 3.521000 932
0.100472 22.507000 -33.001270 -1025.299438 6.407077 11.575790 4.772330 -2.033000 -2.106000 3.491000 943
0.100410 -30.152615 -47.748840 -976.490601 10.262109 10.827415 3.367979 -0.754000 -1.563000 3.324000 957
0.100715 -9.751595 -36.592999 -968.326599 -3.557857 8.023874 -1.780612 -0.192000 -1.187000 3.152000 969
0.100147 -15.162301 -53.569660 -964.401001 -4.131313 10.756654 2.007414 0.563000 -1.877000 3.112000 980
0.100859 -16.574835 -38.737782 -964.311951 0.707736 10.984082 0.517905 1.074000 -2.002000 3.120000 990
0.100821 -18.854763 -18.684643 -972.564087 -0.703642 6.089340 2.646323 1.143000 -1.844000 3.148000 993
0.099783 -4.633656 -23.090509 -982.901428 9.709783 -3.348343 4.109119 0.926000 -1.166000 3.173000 1003
0.100738 -26.638741 -9.000601 -962.810547 4.154136 -4.259557 4.819047 0.783000 -0.484000 3.197000 1007
0.100234 -27.516201 -19.941902 -984.690918 11.068645 -2.942280 -0.211991 0.446000 0.446000 3.161000 1004
0.099964 -29.504223 -11.081632 -987.402832 0.953920 -4.467355 6.371436 -0.001000 0.490000 3.318000 1007
0.100819 -18.931194 4.884175 -989.438660 -5.044464 1.293839 -3.498197 0.148000 -0.102000 3.403000 1008
0.101124 -31.620539 2.547839 -1006.378784 3.663279 2.751396 -5.641816 0.573000 -0.227000 3.457000 1005
0.100023 -30.782763 -24.297062 -977.080872 5.283534 3.131609 -0.224094 0.642000 0.163000 3.556000 1014
0.100016 -48.678677 -11.553648 -978.581970 -1.821258 0.425200 0.528562 0.326000 0.271000 3.654000 1018
0.100022 -20.638594 2.177335 -983.391785 -1.970762 -4.758171 1.122930 0.258000 -0.115000 3.647000 1015
0.101784 -37.773773 1.110091 -970.077881 -4.413204 0.616903 -2.773165 0.021000 -0.670000 3.576000 1018
0.099797 -39.562035 1.834086 -975.107971 0.638818 -4.660652 -2.341371 -0.077000 -0.802000 3.473000 1020
0.099812 -9.442587 -18.872501 -975.260498 -0.057336 -4.628501 4.647279 -0.243000 -1.009000 3.389000 1015
0.101340 -18.945807 -17.212322 -969.105591 -1.895359 -2.867563 0.985823 -0.769000 -1.459000 3.348000 1014
0.100238 -35.884602 -22.854778 -979.528442 3.060765 0.628819 4.070947 -1.372000 -1.315000 3.382000 1009
0.099944 -19.048695 -4.810916 -987.440552 0.676906 3.482976 11.180311 -1.503000 -0.984000 3.526000 995
0.100295 -26.600283 -29.113596 -994.725281 -3.850131 6.513513 10.038266 -1.248000 -1.321000 3.758000 988
0.101081 -24.080389 -37.254513 -997.210815 -3.240215 13.763474 3.280504 -0.750000 -1.605000 3.844000 984
0.100549 -34.638165 -30.694046 -982.833008 1.275260 10.872492 6.448445 -0.318000 -1.742000 4.002000 982
0.100817 -30.286377 -7.332267 -985.913086 -0.688609 -1.517239 1.515669 -0.461000 -1.386000 4.208000 974
0.100179 -33.685837 8.453634 -974.645325 -2.888990 -9.873175 7.184556 -0.694000 -1.629000 4.490000 975
0.100648 5.197118 -7.561087 -1000.182312 0.481709 -4.229295 5.274486 -1.655000 -1.450000 4.794000 977
0.102206 -31.897907 -22.968662 -972.402344 3.829830 11.033165 2.293451 -1.619000 -1.228000 5.029000 972
0.099314 -37.826252 -38.233036 -1017.697632 4.702484 13.049780 5.682593 -0.596000 -0.924000 5.316000 960
0.100689 -22.860020 0.136871 -1026.300781 4.349552 -0.844256 3.561928 -0.345000 -0.247000 5.391000 962
0.100268 -45.905548 12.435127 -982.941467 9.707267 -6.096106 0.854387 -0.750000 0.542000 5.540000 963
0.099924 -32.837879 -12.247578 -996.826782 -5.216429 0.261616 -0.771574 -1.357000 0.887000 5.693000 966
0.100840 -32.574860 -6.716516 -997.005798 3.126527 13.105211 2.341007 -1.056000 0.864000 5.777000 968
0.100258 -37.634296 27.904146 -995.080139 -6.839686 -7.195569 1.344515 -1.239000 1.194000 5.759000 976
0.100332 -40.405148 -21.853861 -966.055542 -30.083920 0.630559 1.417024 -1.391000 -1.080000 5.672000 984
0.100303 -34.747597 -3.182663 -972.856750 0.607140 -10.116415 0.716279 -2.010000 -2.151000 5.594000 993
0.100234 -57.296787 -2.635645 -981.998047 -0.264692 -7.456909 -4.859733 -2.408000 -2.100000 5.375000 994
0.100299 -48.051105 -8.371012 -960.343506 9.937412 0.481707 -5.433794 -2.143000 -1.559000 4.801000 997
0.099752 -43.547802 -2.643199 -963.815674 10.569505 7.024984 -7.332902 -1.890000 -0.468000 4.386000 1007
0.101066 -47.251354 -22.495007 -964.172913 13.491421 7.218302 -6.377417 -1.174000 0.950000 4.117000 993
0.099560 -52.504917 -9.127707 -919.131714 9.442602 12.460195 -1.775538 -0.131000 1.924000 4.080000 996
0.100154 -39.924942 -10.349617 -939.481812 8.782344 -0.296002 1.443689 0.410000 2.506000 3.993000 991
0.101886 -30.193167 10.980751 -956.913940 -0.475870 -8.394439 0.794044 0.451000 2.691000 3.977000 976
0.099516 -20.491741 -7.046827 -951.129456 -6.368842 7.248354 1.878285 0.530000 2.132000 3.994000 964
0.101620 -53.139248 -13.803152 -949.649841 1.003595 1.198391 -2.454418 0.819000 1.747000 4.110000 949
0.100405 -17.344721 -10.729712 -960.439697 0.840697 1.591462 2.625332 0.770000 1.729000 4.117000 933
0.100895 -16.682186 2.953948 -956.521423 -0.400543 -4.401814 -2.199803 0.526000 2.044000 4.215000 903
0.100955 -17.391386 2.745612 -973.631592 -10.402122 1.090440 0.555031 0.646000 1.305000 4.380000 889
0.099379 -26.301603 -11.419580 -995.087402 0.391907 -5.781553 2.410408 0.734000 0.987000 4.472000 856
0.100806 -17.729309 -3.900692 -994.500427 -7.392144 7.789019 7.769696 0.763000 0.813000 4.599000 840
0.100082 -43.875526 -23.477249 -987.802307 -10.866864 6.872099 1.107757 0.588000 0.332000 4.716000 805
0.100430 -43.196121 -8.483894 -990.091187 1.008197 -0.428885 3.385363 0.930000 -0.448000 4.836000 785
0.101277 -17.027287 -30.149452 -1027.353760 -5.430087 5.927375 3.174541 0.992000 -0.681000 4.820000 757
0.100688 -31.388597 -46.251842 -1042.738037 0.688040 3.580420 1.174888 1.083000 -0.967000 4.872000 738
0.100504 -41.913074 0.234246 -1036.149658 -3.599590 -9.729764 -7.310368 0.580000 -1.081000 4.936000 717
0.100483 -10.168772 -7.119886 -1038.615601 -7.768452 -0.676496 2.560031 0.200000 -1.269000 5.026000 707
0.100338 -50.680183 -16.519594 -995.283142 -4.156042 9.632374 -7.684786 0.549000 -1.328000 5.007000 704
0.100432 -7.266993 -4.714193 -1021.130859 1.431967 -8.849317 -2.576136 0.863000 -1.428000 4.896000 696
0.100377 -20.374416 -31.669737 -1013.016296 1.453252 8.297931 0.997699 0.905000 -1.190000 4.845000 695
0.101283 -50.412830 -29.935453 -974.121643 4.722935 7.582275 0.631962 1.091000 -0.588000 4.809000 701
0.099990 -34.314888 -18.099895 -980.471191 13.328223 -0.748911 -2.181612 0.982000 0.010000 4.838000 705
0.100429 -31.593435 22.525520 -969.348633 4.677702 -4.643881 -5.156966 0.703000 0.510000 4.909000 706
0.100453 -29.720333 -12.407750 -985.529785 4.151875 5.300740 0.239608 0.934000 0.943000 4.982000 710
0.100900 -26.736116 -2.625994 -973.166199 -11.387323 4.805640 -2.446920 1.060000 0.916000 5.087000 714
0.100825 -0.603322 31.121691 -985.313904 2.839527 -11.738580 -0.824315 1.039000 0.732000 5.091000 713
0.099611 -26.393456 -10.072995 -1013.528687 -8.223748 2.877299 1.399167 0.934000 0.245000 5.005000 721
0.101717 -22.628954 -2.034684 -981.399475 -11.208890 8.528332 3.478050 1.228000 -0.391000 4.809000 723
0.099374 -51.677052 -22.972267 -973.370728 -5.802482 9.008683 -6.311522 1.470000 -1.064000 4.534000 733
0.100231 -3.092126 2.282503 -982.493896 -9.688162 4.765380 1.303934 1.744000 -1.464000 4.361000 735
0.101289 -47.696632 -30.305574 -989.460754 -0.451626 1.209095 1.935676 1.805000 -1.581000 4.097000 748
0.100738 -33.728256 -17.084623 -981.401611 5.222540 -11.216998 0.413063 1.334000 -1.204000 3.737000 746
0.099965 -36.846783 -10.827773 -976.960754 5.818810 1.312188 -2.634073 1.073000 -0.870000 3.362000 749
0.100643 -33.088238 -4.809505 -975.140625 3.108587 -1.374974 0.159653 0.961000 -0.700000 3.103000 752
0.101739 -31.345455 -0.476707 -979.160583 -3.933367 1.444175 -0.798825 1.039000 -0.818000 2.861000 756
0.099403 -20.367517 -3.651782 -989.039673 -1.922165 -5.455500 0.545072 0.667000 -1.035000 2.656000 759
0.100331 -20.849674 -4.665153 -987.866150 -3.396401 0.537964 1.257600 0.568000 -1.258000 2.607000 760
0.102185 -34.443813 -4.377693 -977.618347 -2.059678 -5.501698 -0.689297 0.329000 -1.359000 2.511000 768
0.099702 -25.395508 12.259983 -975.623352 -6.909430 1.372539 -3.880036 0.298000 -1.635000 2.572000 772
0.100004 -16.848894 5.896861 -967.814636 1.045182 -7.539199 6.277299 0.223000 -1.608000 2.638000 773
0.099856 -18.270271 13.643092 -965.370483 2.489553 -3.384390 1.225011 0.081000 -1.746000 2.766000 775
0.100763 -12.514001 21.024281 -966.409973 -0.402365 -4.294932 -2.558568 -0.016000 -1.433000 2.927000 775
0.100415 -17.918556 14.677004 -984.306519 1.694230 -1.075108 3.414196 -0.066000 -1.242000 3.069000 774
0.099722 -17.244968 14.341673 -984.726929 -7.410607 10.324614 2.448684 -0.139000 -1.148000 3.194000 769
0.101268 -9.238594 -7.787411 -980.743286 0.966065 -4.364341 1.242191 0.267000 -1.233000 3.173000 771
0.100503 -34.669968 0.882884 -982.493042 -2.665487 1.525375 -2.274424 0.238000 -1.364000 3.231000 769
0.100736 -0.075899 22.253769 -982.668274 1.387948 -12.029167 0.499444 -0.105000 -1.618000 3.322000 768
0.100932 -13.323686 -6.501050 -993.355591 -2.026865 -2.099910 5.571323 -0.416000 -1.625000 3.442000 768
0.100403 -42.119125 -0.373093 -971.453308 -0.411187 4.569013 6.045417 -0.446000 -1.729000 3.447000 765
0.100766 -10.988947 24.183807 -986.179932 -1.720025 -6.476662 2.310912 -0.475000 -1.736000 3.459000 765
0.101568 -14.572336 -5.390290 -975.532349 -5.824275 9.748842 3.321988 -0.810000 -1.701000 3.935000 764
0.100009 4.313646 -2.021508 -1001.470093 8.212233 -2.207517 6.298645 -0.926000 -1.314000 4.018000 759
0.100748 -7.940619 21.726437 -981.218201 4.730467 -8.885606 3.289349 -1.087000 -0.349000 4.144000 758
0.100339 -34.457451 11.341564 -988.575562 9.196472 -3.542082 1.633233 -0.852000 0.130000 4.341000 755
0.100542 -19.875481 -2.965845 -981.907227 5.683778 2.435925 2.955539 -0.668000 0.460000 4.412000 750
0.100038 -33.108078 9.842692 -982.297729 4.838213 1.409451 1.089034 -0.660000 0.481000 4.417000 750
0.101450 -9.784625 29.377007 -1001.097595 6.116521 -2.797098 1.457855 -0.911000 1.062000 4.565000 745
0.099873 -9.755993 -1.655207 -977.690674 -1.685576 5.998241 -1.872478 -0.723000 0.831000 4.626000 743
0.100190 -21.795704 0.130490 -995.235596 -3.914642 -0.533264 3.989748 -0.606000 0.301000 4.612000 745
0.100822 -19.071913 14.316363 -988.724060 -6.265218 1.791126 0.799163 -0.550000 0.124000 4.638000 739
0.099778 -8.462462 14.130187 -995.142517 -1.211916 -6.936258 -2.095050 -0.637000 0.064000 4.642000 741
0.100866 -24.772524 19.658964 -989.510620 -5.639746 -8.195024 -5.239247 -0.280000 -0.095000 4.651000 739
0.099558 -26.714188 -3.320637 -986.730591 -4.421150 -1.097330 0.987977 0.022000 -0.179000 4.559000 740
0.100915 -11.388161 21.424709 -970.972290 -2.994485 2.303919 2.365680 0.199000 -0.342000 4.550000 741
0.101243 -44.107117 5.238479 -994.454346 1.278467 -2.626004 -2.082136 0.054000 -0.379000 4.600000 733
0.099605 -35.005882 26.365099 -985.042053 -7.004718 20.730576 2.505243 0.870000 -0.860000 4.635000 737
0.101046 -51.281025 -6.992116 -992.275330 -3.515042 30.980751 5.147184 3.470000 -1.493000 4.744000 741
0.101056 -22.719191 8.403820 -967.824036 7.599076 17.833153 -2.673875 6.182000 -1.298000 4.558000 745
0.100942 -34.483799 2.634495 -982.207764 9.693408 10.216583 -5.414362 7.233000 -0.424000 4.426000 746
0.099862 -20.723707 -27.656557 -984.116211 9.328209 6.734247 6.753601 7.422000 0.335000 4.394000 744
0.100682 -20.723707 -27.656557 -984.116211 9.328209 6.734247 6.753601 7.422000 0.335000 4.394000 744
0.100868 -16.031874 -3.751770 -998.463013 10.174537 -4.910233 -0.502366 6.061000 1.627000 4.433000 731
0.100972 -6.946932 -17.221355 -1031.879395 2.846927 10.718936 4.184757 5.677000 1.910000 4.610000 728
0.100557 -6.946932 -17.221355 -1031.879395 2.846927 10.718936 4.184757 5.677000 1.910000 4.610000 728
0.099763 11.032002 -1.982091 -987.579712 -10.032705 5.921838 0.570241 6.217000 0.587000 5.136000 736
0.101045 23.463766 -12.695315 -992.212585 -3.137985 0.934635 3.849522 6.738000 -0.117000 5.300000 740
0.100549 48.394775 17.794991 -961.123779 -4.911482 1.755482 -1.443748 7.008000 -0.306000 5.471000 749
0.100066 23.753517 -49.322441 -935.695984 -7.274131 11.388003 -1.416900 7.319000 -0.917000 5.555000 752
0.100246 27.756836 -5.154407 -911.154663 -16.205275 -37.410229 -1.840425 5.613000 -2.133000 5.637000 752
0.101063 32.594051 -26.562519 -941.792114 -8.695872 -43.585945 0.491167 1.174000 -3.372000 5.773000 747
0.100874 46.206600 -22.271461 -987.703796 -1.975558 -35.788334 -3.127687 -2.953000 -4.373000 5.958000 729
0.100369 42.808113 12.448315 -997.336243 2.996170 -35.429001 -3.773545 -5.465000 -4.455000 5.868000 718
0.100779 75.165787 -6.231673 -1020.838501 36.954464 1.333585 3.633669 -7.186000 -2.622000 5.606000 701
0.099661 32.015690 -5.972912 -1001.747864 28.676601 26.559338 -3.382603 -4.424000 1.279000 5.262000 696
0.101849 41.795612 33.461754 -1012.731018 -22.102129 2.119599 -2.530788 -2.616000 1.160000 4.898000 693
0.099650 36.269981 8.019759 -991.467102 -43.535507 -3.580637 -8.659249 -2.565000 -2.824000 4.483000 692
0.100211 34.602375 -10.994757 -997.117065 11.445884 10.917640 -8.658284 -2.416000 -4.549000 4.155000 690
0.101300 32.726700 9.575031 -1002.986511 47.401821 1.983796 -5.956808 -1.561000 0.465000 3.761000 697
0.099685 32.533241 41.489857 -977.045654 6.239498 -13.324830 -9.714052 -2.444000 2.958000 3.223000 693
0.100519 39.842602 36.923340 -990.456909 13.323466 -4.704453 -2.566041 -2.193000 3.527000 3.027000 696
0.100384 17.397722 36.103813 -996.229248 6.285059 1.611155 -2.711897 -1.398000 3.958000 2.785000 702
0.101144 6.508893 16.762028 -993.948364 -0.844845 -11.938118 1.074252 -1.584000 4.254000 2.480000 705
0.099285 3.774440 5.842348 -986.092163 0.595335 8.839894 -8.862717 -1.620000 3.747000 2.202000 708
0.101027 -12.730663 -15.794320 -986.479675 0.569293 12.029249 -2.101316 -1.376000 3.906000 2.011000 712
0.100509 -6.800595 -24.887970 -1004.658691 0.290512 2.720483 0.379576 -0.913000 3.445000 1.838000 720
0.100133 9.576053 -0.872536 -985.551575 -3.122072 -2.133365 -0.623717 -0.570000 2.964000 1.783000 722
0.100655 -5.313382 -17.982346 -969.789856 -0.287203 3.481271 -4.627571 -0.612000 2.988000 1.720000 728
0.101845 -14.372786 -27.931122 -974.830017 -0.653814 3.914738 0.344057 -0.426000 2.482000 1.806000 730
0.099813 -11.470763 -23.434126 -959.811707 -3.103014 -4.990714 -1.419130 -0.633000 2.268000 1.984000 734
0.100900 -12.954096 -19.935791 -970.797729 -1.817403 -4.088976 -1.920855 -0.900000 1.936000 2.094000 738
0.100122 -19.380894 -21.306482 -970.415588 -3.147854 6.264776 -6.875322 -0.632000 1.556000 2.191000 744
0.100484 -10.573742 -45.880688 -971.440491 -0.400789 7.739335 7.269388 -0.307000 1.438000 2.341000 746
0.100521 -20.799379 -14.195994 -975.305237 -4.172101 0.267302 -5.919595 -0.322000 1.261000 2.326000 747
0.100211 -12.831882 -16.305723 -986.301758 3.601357 -3.774725 -3.404418 -0.271000 1.301000 2.310000 747
0.100938 -2.349949 -17.876360 -996.890015 2.871726 -1.963467 -4.495236 -0.193000 1.683000 2.319000 751
0.099496 1.464543 -36.757050 -1010.849976 -2.643664 -4.896462 5.880106 -0.103000 1.687000 2.347000 752
0.101032 -12.509876 -71.976196 -987.747253 1.981434 2.655978 5.484500 -0.215000 1.661000 2.429000 760
0.101510 -17.460630 -40.682964 -969.867920 -2.333710 -2.169072 6.955516 -0.363000 1.637000 2.525000 762
0.100176 -18.601940 -49.464806 -963.827454 1.438911 3.925702 3.230709 -0.637000 1.512000 2.651000 769
0.100445 -27.007359 -44.160851 -957.707520 -0.244711 5.280091 -2.037089 -0.634000 1.120000 2.793000 774
0.100925 -22.264450 -22.720221 -975.690552 -4.901762 2.244492 -5.403022 -0.650000 1.060000 2.844000 775
0.099804 -13.024336 -50.674637 -990.536194 -2.939776 3.022832 6.609944 -0.775000 0.962000 2.949000 780
0.099391 -2.361186 -40.081429 -1020.364502 -4.757942 2.170977 0.766109 -0.747000 0.619000 3.133000 784
0.100045 -2.022237 -53.338654 -992.145447 3.734905 2.429067 6.287174 -0.740000 0.292000 3.299000 786
0.101507 -25.889174 -28.889580 -963.983459 0.057653 -3.102923 -3.065394 -0.542000 0.497000 3.432000 791
0.099299 -8.177605 -14.671911 -973.927002 0.778496 -6.568323 3.969190 -0.830000 0.596000 3.560000 797
0.100862 -16.892982 -64.762436 -973.684204 -3.746666 -0.163835 6.890836 -0.975000 0.694000 3.669000 802
0.101197 13.560580 -44.871147 -977.058105 2.174761 -1.940073 9.801994 -0.963000 0.787000 3.733000 802
0.099411 -17.035358 -56.742023 -966.837341 -0.929952 2.900897 -0.408551 -0.805000 0.772000 3.782000 804
0.100157 -5.927715 -20.868473 -989.587830 1.467377 2.493582 3.359125 -0.925000 1.094000 3.757000 808
0.100914 4.322529 -22.273479 -981.515564 7.535488 -6.499045 0.894039 -1.191000 1.548000 3.635000 814
0.100129 -4.739590 -46.013153 -968.340454 -3.374490 0.318846 -0.945100 -1.231000 1.897000 3.468000 808
0.100084 -4.538580 -17.418358 -985.228821 -2.548583 -3.115135 3.775818 -0.947000 1.385000 3.359000 804
0.101587 -1.332398 -56.093632 -985.139832 2.458549 9.167036 4.534554 -0.538000 1.520000 3.341000 801
0.099414 -17.558258 -57.201824 -1002.636902 0.228450 6.223296 4.572315 -0.015000 1.399000 3.337000 796
0.101120 -5.225761 -15.091192 -1004.085266 -1.378685 -4.213114 -0.991623 0.104000 1.413000 3.282000 794
0.101185 -48.465530 -46.004463 -952.645386 4.178883 -1.829837 -7.265746 0.257000 1.349000 3.269000 791
0.100502 -10.889791 -24.321964 -978.830261 -4.708664 -8.725966 2.877202 -0.248000 1.416000 3.293000 788
0.100704 -12.198553 -45.797726 -977.122498 -4.755686 3.738319 3.099777 0.184000 1.418000 3.421000 785
0.100635 -33.614540 -37.693867 -966.401978 -27.142534 1.227724 1.147342 0.414000 -0.283000 3.491000 784
0.100806 -20.692232 -35.493397 -954.515259 -26.633945 3.246139 -4.203657 0.551000 -3.144000 3.562000 778
0.100733 -21.434864 -58.597351 -997.062195 -17.326269 5.662796 6.259231 0.431000 -5.152000 3.617000 773
0.099005 -16.233965 -52.454288 -993.497925 -14.293006 5.364458 5.946588 0.210000 -6.359000 3.730000 767
0.100937 -4.271194 -25.798882 -976.092957 -7.956324 5.522975 3.992600 0.023000 -7.021000 3.711000 787
0.100358 -43.795380 -14.144680 -959.338623 -1.301515 -8.320833 -5.916331 -0.200000 -7.089000 3.654000 759
0.100923 -26.788752 26.128654 -1000.999451 69.526535 -0.381990 -5.003004 -0.349000 -3.955000 3.602000 750
0.102060 -31.926197 14.983130 -1009.011719 20.085106 -4.642634 -1.668173 -0.425000 1.617000 3.555000 739
0.100065 -20.210491 36.031708 -999.841553 -20.496325 2.862492 2.619551 -0.666000 1.167000 3.444000 739
0.100627 -2.295228 -15.707087 -1000.818054 1.523225 2.412275 3.876153 -0.176000 0.112000 3.474000 738
0.101368 -33.314770 22.172718 -963.801392 16.081234 0.862068 -3.041541 0.149000 0.947000 3.452000 737
0.099445 -29.760593 5.583263 -965.926453 8.256116 -11.160161 -8.432317 -0.251000 2.660000 3.410000 734
0.100998 -23.658695 -28.679863 -961.005920 0.090230 2.825531 -2.591374 -0.594000 2.919000 3.290000 733
0.099958 -41.791702 -8.823196 -977.631226 0.020519 3.759147 -5.803327 -0.521000 2.774000 3.128000 730
0.100370 -16.848116 -42.661514 -994.899109 -9.081498 12.023001 5.974235 0.106000 2.430000 3.124000 727
0.099664 -19.893751 -45.159401 -979.544678 -3.894511 5.015128 -1.503532 0.093000 2.070000 3.078000 728
0.100331 0.891233 -27.862179 -1011.370361 -6.513888 4.553702 6.314229 0.175000 1.722000 3.119000 725
0.100564 -40.129372 -54.957581 -984.277100 2.210721 11.259733 0.901655 0.638000 1.316000 3.202000 725
0.100793 -22.656454 7.148151 -975.834961 -9.171043 -1.918858 1.833720 0.746000 1.021000 3.302000 731
0.101030 -34.212173 -27.573589 -972.197876 -4.007938 6.395663 -5.796662 0.330000 0.758000 3.384000 725
0.100840 -0.313743 0.817461 -989.789062 -5.151582 -5.288115 6.133699 0.465000 0.288000 3.497000 725
0.100731 -11.670941 -58.660183 -993.050781 -2.509961 10.393694 5.335498 0.758000 -0.142000 3.616000 725
0.101053 -35.752113 -47.263634 -974.713684 -1.856126 7.865883 -2.642078 1.011000 -0.456000 3.730000 725
0.099857 10.737125 -15.206226 -985.669006 -7.404540 -4.851640 3.925142 1.290000 -0.786000 3.945000 732
0.101250 -9.188229 -45.590069 -989.262573 -4.802486 3.941970 7.791286 1.311000 -0.890000 4.079000 729
0.100438 -32.719875 11.606021 -965.923279 -5.638765 2.579579 -3.270020 1.343000 -0.891000 4.222000 730
0.100103 12.529106 -29.122341 -1000.561768 -1.243090 -3.167379 2.917511 0.770000 -0.661000 4.358000 736
0.100559 -0.968457 -27.907450 -966.271240 -0.810761 -2.570185 1.780604 0.201000 -0.575000 4.519000 742
0.100563 19.177711 -0.219089 -987.347534 -4.702565 -3.121212 0.585498 -0.032000 -0.636000 4.647000 742
0.100564 -22.919502 -24.528130 -956.830872 2.996078 -4.131780 -0.275797 0.116000 -0.835000 4.833000 750
0.100529 -0.305676 -48.130165 -977.635376 -2.344410 2.509775 6.336087 -0.050000 -0.910000 4.951000 753
0.100251 -9.496199 -2.388151 -976.095215 4.356656 -6.708329 -0.932252 0.261000 -0.884000 4.999000 753
0.101055 9.534899 -33.274441 -977.332764 -1.034622 3.380752 3.142694 0.176000 -0.534000 5.097000 758
0.101501 6.400301 -19.504208 -977.206299 5.387261 -4.827068 -5.527192 -0.074000 -0.128000 5.065000 753
0.099299 11.140638 -24.836943 -976.479614 -0.260652 -2.233865 4.565595 -0.344000 -0.087000 5.207000 754
0.101738 -31.364285 -38.330715 -966.909973 5.689679 5.192976 0.314051 -0.257000 -0.022000 5.262000 754
0.100272 -23.331860 -73.580025 -977.816162 1.423129 9.040694 5.218589 -0.116000 0.198000 5.381000 750
0.100481 0.480565 -4.337449 -977.174316 0.549269 -12.083786 -4.632024 -0.383000 0.236000 5.380000 748
0.100736 -23.356503 -41.404156 -979.747131 -3.736905 1.412165 4.492247 -0.517000 0.234000 5.472000 749
0.100988 3.066905 -11.242790 -993.021179 2.646196 -6.484185 4.838474 -0.376000 0.140000 5.702000 748
0.100110 -0.648561 -6.241828 -992.907959 1.520109 -9.732256 0.346469 -0.509000 0.279000 5.825000 744
0.100752 3.539733 -38.018074 -972.804443 -2.779293 5.962831 6.639524 -0.293000 0.158000 6.027000 742
0.101211 -13.633908 -16.387789 -981.611450 -4.163468 3.422908 -2.023644 -0.052000 -0.064000 6.165000 748
0.100824 -20.900986 -57.229481 -991.216370 -0.213981 5.918169 4.814304 0.008000 -0.129000 6.313000 745
0.100226 -2.671474 -76.258682 -990.038330 3.144428 0.716953 8.993311 -0.032000 -0.206000 6.365000 746
0.100260 2.329922 8.405293 -977.125916 -3.652802 -11.445967 -3.581289 -0.060000 -0.149000 6.312000 747
0.101797 -9.902364 -8.660675 -956.539917 3.815584 2.369171 -3.792348 -0.460000 0.362000 6.246000 749
0.099721 -5.112037 -7.043430 -972.503784 -0.062054 -3.051934 -3.962911 -0.810000 0.440000 6.077000 751
0.100885 -16.334869 16.901831 -984.848694 0.760407 0.827891 -8.751942 -0.766000 0.647000 5.943000 751
0.099861 -24.325932 -49.476936 -979.337341 0.675212 9.458731 -1.180479 -0.690000 0.476000 5.725000 750
0.100561 -10.216682 -2.740229 -993.575623 -1.249510 -1.739078 -6.598689 -0.610000 0.439000 5.574000 750
0.100751 -2.472132 -64.040131 -990.023132 1.635266 -0.939781 0.179528 -0.888000 0.701000 5.473000 748
0.102267 -12.699538 -67.788406 -976.054077 0.667481 9.188821 3.318582 -0.924000 0.524000 5.438000 753
0.099825 -7.476017 -7.366529 -985.065247 5.855131 -0.362312 0.992076 -0.499000 0.657000 5.321000 758
0.100735 -18.069057 -30.980545 -959.753784 1.462192 8.336043 -2.825693 -0.220000 0.973000 5.210000 755
0.100965 10.221080 -6.504781 -972.787231 -3.364921 -5.638889 -0.546547 -0.230000 1.036000 5.089000 760
0.100231 -31.868084 -15.035890 -969.148499 11.780465 27.472063 -2.666739 0.521000 1.350000 4.996000 758
0.099945 -11.015777 -57.145851 -993.286926 36.532654 35.006042 -3.425375 3.641000 3.901000 5.044000 757
0.100641 -14.554746 -42.110088 -1005.565857 25.142311 21.915903 -2.768274 6.156000 6.240000 5.160000 764
0.100649 7.214243 -57.686600 -985.968201 11.834635 20.415112 1.176232 7.593000 7.675000 5.350000 769
0.100460 -8.192429 -30.409397 -973.899536 -2.641151 7.417057 -5.298409 8.366000 7.938000 5.293000 772
0.100614 26.845682 -61.294952 -969.123901 -4.849149 -2.048139 -5.702057 8.071000 7.448000 5.095000 769
0.099133 16.729023 -33.151939 -970.686157 -7.372609 -2.958125 -6.483023 7.508000 6.769000 4.759000 771
0.100774 51.388103 -82.220665 -972.922546 1.463442 10.566050 -2.736235 7.458000 6.531000 4.329000 772
0.100733 55.120434 -57.733559 -979.996338 4.545832 3.291184 0.286745 7.272000 6.915000 3.719000 762
0.100441 52.059231 -81.606865 -983.628296 9.249431 8.287823 -5.163551 7.542000 7.441000 3.196000 766
0.101079 57.206951 -70.189896 -980.313660 3.322863 -1.775619 -4.820975 7.692000 7.697000 2.854000 750
0.099644 63.143177 -82.109711 -982.754395 5.309391 -15.008593 2.504446 6.440000 7.984000 2.653000 757
0.100447 94.693192 -78.449921 -971.256836 -23.872610 -40.034233 -4.798271 4.109000 7.061000 2.297000 737
0.101170 83.902115 -85.996666 -1012.359131 -41.421124 -40.974201 3.998713 -0.173000 3.550000 1.963000 726
0.100547 102.864677 -129.168259 -1015.375244 -32.299297 -33.759190 5.020722 -2.973000 -0.276000 2.063000 719
0.100128 79.421402 -100.133575 -1012.905640 -8.238988 -17.095747 -0.188866 -4.632000 -1.763000 2.257000 714
0.100200 80.662964 -82.022293 -1010.091858 -14.515697 -17.914030 4.003315 -6.158000 -2.134000 2.429000 715
0.099804 1254.240234 -685.728516 -742.254028 -84.539421 210.579117 15.351643 4.438000 -2.576000 9.468000 722
0.100739 56.207687 7.317657 -967.773376 14.659951 -41.046036 65.358734 2.777000 -6.368000 18.548000 744
0.100353 -47.941658 -100.881058 -964.979797 57.890484 -13.841842 12.114952 1.040000 -0.702000 22.462000 769
0.101010 5.065897 -80.266518 -884.147827 -7.022449 2.283938 -27.046320 -0.343000 1.075000 20.731000 784
0.100365 -11.361152 -54.769985 -919.652283 -10.284807 26.901510 -43.685741 0.539000 0.450000 17.087000 793
0.100548 -5.596303 -60.582520 -942.607788 2.164040 17.933699 -28.929348 2.377000 0.118000 13.443000 809
0.100612 2.486822 -44.953758 -951.881836 -8.178871 -2.861530 -28.259197 2.742000 -0.179000 10.328000 814
0.100051 -11.771202 -77.695534 -932.547119 -6.728882 5.909909 -23.401745 2.057000 -0.961000 7.776000 814
0.100721 7.711594 -60.212128 -971.082397 -2.626507 -10.997097 -9.761030 0.970000 -1.447000 5.983000 807
0.100808 -6.388016 -51.495029 -974.297791 1.167439 -6.553085 -10.161409 0.033000 -1.347000 4.630000 801
0.099979 -10.545090 -49.465191 -977.167908 -7.471631 4.870487 -5.769649 -0.426000 -0.965000 3.767000 792
0.100160 -10.728549 -66.196312 -995.574585 -30.029818 9.521849 -7.465423 -0.182000 -2.766000 3.149000 787
0.100418 -0.059334 -38.395096 -1002.044922 -12.687756 2.712923 -3.125092 0.505000 -4.556000 2.776000 782
0.100716 -10.305705 -71.980644 -1025.253418 -9.351356 4.234491 1.889298 0.956000 -5.404000 2.743000 788
0.100246 21.072525 -78.370842 -1040.760498 -0.042341 -4.008397 6.414623 0.472000 -6.046000 2.905000 784
0.100524 -9.822967 -50.737160 -1003.805420 18.286814 -7.780690 -1.799449 -0.184000 -4.934000 3.071000 790
0.100480 -22.547581 -34.362282 -982.333435 -0.555169 1.018331 1.811823 -0.666000 -3.746000 3.229000 800
0.100472 10.274444 -51.028156 -977.348999 10.598199 -0.023783 8.393878 -0.855000 -2.924000 3.461000 808
0.100025 -9.074852 -21.130842 -952.231323 6.653471 -2.663453 -3.961940 -1.244000 -1.986000 3.581000 816
0.100300 9.078661 -47.604378 -946.899597 16.864202 -7.379145 3.514051 -1.359000 -0.630000 3.568000 827
0.100402 0.176676 -23.256716 -958.444580 8.121946 0.888483 2.308873 -1.329000 0.378000 3.525000 830
0.101121 8.436137 -3.393008 -963.981934 2.643520 -5.878663 -1.509482 -1.577000 0.717000 3.567000 835
0.100240 9.435349 -11.575750 -982.426636 -6.249242 3.527580 1.376022 -1.114000 0.292000 3.655000 833
0.100569 -10.594618 -14.228196 -975.128052 0.114286 -7.597713 -0.641831 -1.007000 0.178000 3.774000 829
0.100162 -26.200649 -14.375937 -969.476929 -0.683083 -8.775948 -2.986933 -1.573000 0.275000 3.919000 825
0.099976 -13.218997 -41.296936 -978.530090 5.510482 -14.976521 6.929642 -2.278000 0.341000 4.220000 817
0.100253 -22.285290 -39.903339 -982.740845 -3.572117 -8.035580 1.295067 -2.838000 -0.001000 4.557000 813
0.100909 2.414833 -49.422485 -990.183716 -13.096714 -5.614041 3.748034 -3.299000 -0.860000 4.745000 804
0.101299 -14.029006 -36.735695 -986.899536 -15.183130 2.442371 3.783994 -2.914000 -2.282000 4.868000 802
0.100666 16.849720 -26.332783 -991.557800 -1.276048 -4.332768 0.041785 -3.105000 -3.228000 4.968000 805
0.100230 -47.966335 -13.686356 -971.963745 -0.195669 5.153455 -3.049755 -2.839000 -3.316000 4.905000 802
0.100437 9.416586 -28.087648 -955.364746 1.997840 6.081703 -0.691331 -2.288000 -2.656000 4.782000 794
0.100337 -28.234030 -40.015038 -981.258118 -6.434810 9.169371 -0.755450 -1.762000 -3.167000 4.608000 790
0.100056 -17.108419 -26.973045 -1009.007812 5.465322 -0.200863 -2.029850 -1.730000 -3.034000 4.402000 787
0.100548 -20.887983 -46.773563 -998.811401 10.615531 -3.990634 1.799084 -1.630000 -2.301000 4.204000 786
0.100593 -28.888180 -28.687521 -973.112732 0.300232 -4.874132 -2.290902 -2.330000 -1.467000 4.161000 781
0.099844 -2.449508 -17.252354 -978.043579 6.238111 -9.670029 3.463742 -2.929000 -0.773000 4.162000 784
0.100180 -13.333997 -32.858589 -900.533630 13.380342 8.774474 4.200847 -2.810000 -0.113000 4.222000 783
0.100918 -11.430022 -22.503551 -866.497131 14.933755 16.904551 7.381337 -2.101000 1.040000 4.337000 778
0.100772 -31.400917 -25.999025 -882.213684 13.521777 26.009045 4.477119 -0.230000 2.248000 4.454000 765
0.099874 -9.762577 -14.603630 -882.737488 2.530659 2.160825 2.832729 1.041000 2.697000 4.491000 748
0.100969 -21.029055 -10.050582 -882.559509 -1.713474 -13.273016 0.782220 0.296000 2.631000 4.402000 704
0.100741 -21.945915 -1.296001 -886.698059 -2.488639 5.751426 -4.532161 -0.358000 2.403000 4.386000 666
0.100290 -32.331303 -14.876251 -908.319946 -6.816785 -0.239178 -3.424466 -0.065000 1.600000 4.402000 611
0.100861 -69.610199 -45.702293 -553.776306 -70.412956 -115.183304 1.807448 -6.728000 -2.462000 4.553000 556
0.101105 -69.610199 -45.702293 -553.776306 -70.412956 -115.183304 1.807448 -6.728000 -2.462000 4.553000 556
0.100273 -69.610199 -45.702293 -553.776306 -70.412956 -115.183304 1.807448 -6.728000 -2.462000 4.553000 556
0.100364 -69.610199 -45.702293 -553.776306 -70.412956 -115.183304 1.807448 -6.728000 -2.462000 4.553000 556
0.099974 -69.610199 -45.702293 -553.776306 -70.412956 -115.183304 1.807448 -6.728000 -2.462000 4.553000 556
0.100984 -69.610199 -45.702293 -553.776306 -70.412956 -115.183304 1.807448 -6.728000 -2.462000 4.553000 556
0.100983 -69.610199 -45.702293 -553.776306 -70.412956 -115.183304 1.807448 -6.728000 -2.462000 4.553000 556
0.101058 -69.610199 -45.702293 -553.776306 -70.412956 -115.183304 1.807448 -6.728000 -2.462000 4.553000 556
0.100953 -69.610199 -45.702293 -553.776306 -70.412956 -115.183304 1.807448 -6.728000 -2.462000 4.553000 556
0.100440 -69.610199 -45.702293 -553.776306 -70.412956 -115.183304 1.807448 -6.728000 -2.462000 4.553000 556
0.101317 -69.610199 -45.702293 -553.776306 -70.412956 -115.183304 1.807448 -6.728000 -2.462000 4.553000 556
0.099934 -69.610199 -45.702293 -553.776306 -70.412956 -115.183304 1.807448 -6.728000 -2.462000 4.553000 556
0.101045 -69.610199 -45.702293 -553.776306 -70.412956 -115.183304 1.807448 -6.728000 -2.462000 4.553000 556
0.100247 -69.610199 -45.702293 -553.776306 -70.412956 -115.183304 1.807448 -6.728000 -2.462000 4.553000 556
0.101221 -69.610199 -45.702293 -553.776306 -70.412956 -115.183304 1.807448 -6.728000 -2.462000 4.553000 556
0.100675 -69.610199 -45.702293 -553.776306 -70.412956 -115.183304 1.807448 -6.728000 -2.462000 4.553000 556
0.100628 -69.610199 -45.702293 -553.776306 -70.412956 -115.183304 1.807448 -6.728000 -2.462000 4.553000 556
0.100198 -69.610199 -45.702293 -553.776306 -70.412956 -115.183304 1.807448 -6.728000 -2.462000 4.553000 556
0.100808 -69.610199 -45.702293 -553.776306 -70.412956 -115.183304 1.807448 -6.728000 -2.462000 4.553000 556
0.100437 -69.610199 -45.702293 -553.776306 -70.412956 -115.183304 1.807448 -6.728000 -2.462000 4.553000 556
0.100879 -69.610199 -45.702293 -553.776306 -70.412956 -115.183304 1.807448 -6.728000 -2.462000 4.553000 556
0.100486 -69.610199 -45.702293 -553.776306 -70.412956 -115.183304 1.807448 -6.728000 -2.462000 4.553000 556
0.100722 -69.610199 -45.702293 -553.776306 -70.412956 -115.183304 1.807448 -6.728000 -2.462000 4.553000 556
0.101047 -69.610199 -45.702293 -553.776306 -70.412956 -115.183304 1.807448 -6.728000 -2.462000 4.553000 556
0.100865 -69.610199 -45.702293 -553.776306 -70.412956 -115.183304 1.807448 -6.728000 -2.462000 4.553000 556
0.101896 -69.610199 -45.702293 -553.776306 -70.412956 -115.183304 1.807448 -6.728000 -2.462000 4.553000 556
0.099141 -69.610199 -45.702293 -553.776306 -70.412956 -115.183304 1.807448 -6.728000 -2.462000 4.553000 556
0.100876 -69.610199 -45.702293 -553.776306 -70.412956 -115.183304 1.807448 -6.728000 -2.462000 4.553000 556
0.100441 -69.610199 -45.702293 -553.776306 -70.412956 -115.183304 1.807448 -6.728000 -2.462000 4.553000 556
0.100268 -69.610199 -45.702293 -553.776306 -70.412956 -115.183304 1.807448 -6.728000 -2.462000 4.553000 556
0.100292 -69.610199 -45.702293 -553.776306 -70.412956 -115.183304 1.807448 -6.728000 -2.462000 4.553000 556
0.100058 -69.610199 -45.702293 -553.776306 -70.412956 -115.183304 1.807448 -6.728000 -2.462000 4.553000 556
0.101244 -69.610199 -45.702293 -553.776306 -70.412956 -115.183304 1.807448 -6.728000 -2.462000 4.553000 556
0.100687 -69.610199 -45.702293 -553.776306 -70.412956 -115.183304 1.807448 -6.728000 -2.462000 4.553000 556
0.099886 -69.610199 -45.702293 -553.776306 -70.412956 -115.183304 1.807448 -6.728000 -2.462000 4.553000 556
0.100280 -69.610199 -45.702293 -553.776306 -70.412956 -115.183304 1.807448 -6.728000 -2.462000 4.553000 556
0.100356 -69.610199 -45.702293 -553.776306 -70.412956 -115.183304 1.807448 -6.728000 -2.462000 4.553000 556
0.100405 -69.610199 -45.702293 -553.776306 -70.412956 -115.183304 1.807448 -6.728000 -2.462000 4.553000 556
0.100514 -69.610199 -45.702293 -553.776306 -70.412956 -115.183304 1.807448 -6.728000 -2.462000 4.553000 556
0.100592 -69.610199 -45.702293 -553.776306 -70.412956 -115.183304 1.807448 -6.728000 -2.462000 4.553000 556
0.100597 -69.610199 -45.702293 -553.776306 -70.412956 -115.183304 1.807448 -6.728000 -2.462000 4.553000 556
0.100297 -69.610199 -45.702293 -553.776306 -70.412956 -115.183304 1.807448 -6.728000 -2.462000 4.553000 556
0.100780 -69.610199 -45.702293 -553.776306 -70.412956 -115.183304 1.807448 -6.728000 -2.462000 4.553000 556
0.100523 -69.610199 -45.702293 -553.776306 -70.412956 -115.183304 1.807448 -6.728000 -2.462000 4.553000 556
0.100018 -69.610199 -45.702293 -553.776306 -70.412956 -115.183304 1.807448 -6.728000 -2.462000 4.553000 556
0.100177 -69.610199 -45.702293 -553.776306 -70.412956 -115.183304 1.807448 -6.728000 -2.462000 4.553000 556
0.100208 -69.610199 -45.702293 -553.776306 -70.412956 -115.183304 1.807448 -6.728000 -2.462000 4.553000 556
0.100364 -69.610199 -45.702293 -553.776306 -70.412956 -115.183304 1.807448 -6.728000 -2.462000 4.553000 556
0.100407 -69.610199 -45.702293 -553.776306 -70.412956 -115.183304 1.807448 -6.728000 -2.462000 4.553000 556
0.101098 -69.610199 -45.702293 -553.776306 -70.412956 -115.183304 1.807448 -6.728000 -2.462000 4.553000 556
0.100980 -69.610199 -45.702293 -553.776306 -70.412956 -115.183304 1.807448 -6.728000 -2.462000 4.553000 556
0.100703 -69.610199 -45.702293 -553.776306 -70.412956 -115.183304 1.807448 -6.728000 -2.462000 4.553000 556
0.100517 -69.610199 -45.702293 -553.776306 -70.412956 -115.183304 1.807448 -6.728000 -2.462000 4.553000 556
0.101324 -69.610199 -45.702293 -553.776306 -70.412956 -115.183304 1.807448 -6.728000 -2.462000 4.553000 556
0.099533 -69.610199 -45.702293 -553.776306 -70.412956 -115.183304 1.807448 -6.728000 -2.462000 4.553000 556
0.100700 -69.610199 -45.702293 -553.776306 -70.412956 -115.183304 1.807448 -6.728000 -2.462000 4.553000 556
0.100615 -69.610199 -45.702293 -553.776306 -70.412956 -115.183304 1.807448 -6.728000 -2.462000 4.553000 556
0.100588 -69.610199 -45.702293 -553.776306 -70.412956 -115.183304 1.807448 -6.728000 -2.462000 4.553000 556
0.100575 -69.610199 -45.702293 -553.776306 -70.412956 -115.183304 1.807448 -6.728000 -2.462000 4.553000 556
0.100618 -69.610199 -45.702293 -553.776306 -70.412956 -115.183304 1.807448 -6.728000 -2.462000 4.553000 556
0.100591 -69.610199 -45.702293 -553.776306 -70.412956 -115.183304 1.807448 -6.728000 -2.462000 4.553000 556
0.100517 -69.610199 -45.702293 -553.776306 -70.412956 -115.183304 1.807448 -6.728000 -2.462000 4.553000 556
0.100555 -69.610199 -45.702293 -553.776306 -70.412956 -115.183304 1.807448 -6.728000 -2.462000 4.553000 556
0.100364 -69.610199 -45.702293 -553.776306 -70.412956 -115.183304 1.807448 -6.728000 -2.462000 4.553000 556
0.100610 -69.610199 -45.702293 -553.776306 -70.412956 -115.183304 1.807448 -6.728000 -2.462000 4.553000 556
0.100852 -69.610199 -45.702293 -553.776306 -70.412956 -115.183304 1.807448 -6.728000 -2.462000 4.553000 556
0.100345 -69.610199 -45.702293 -553.776306 -70.412956 -115.183304 1.807448 -6.728000 -2.462000 4.553000 556
0.100494 -69.610199 -45.702293 -553.776306 -70.412956 -115.183304 1.807448 -6.728000 -2.462000 4.553000 556
0.100696 -69.610199 -45.702293 -553.776306 -70.412956 -115.183304 1.807448 -6.728000 -2.462000 4.553000 556
0.100602 -69.610199 -45.702293 -553.776306 -70.412956 -115.183304 1.807448 -6.728000 -2.462000 4.553000 556
0.100619 -69.610199 -45.702293 -553.776306 -70.412956 -115.183304 1.807448 -6.728000 -2.462000 4.553000 556
0.100626 -69.610199 -45.702293 -553.776306 -70.412956 -115.183304 1.807448 -6.728000 -2.462000 4.553000 556
0.100606 -69.610199 -45.702293 -553.776306 -70.412956 -115.183304 1.807448 -6.728000 -2.462000 4.553000 556
0.100741 -69.610199 -45.702293 -553.776306 -70.412956 -115.183304 1.807448 -6.728000 -2.462000 4.553000 556
0.100659 -69.610199 -45.702293 -553.776306 -70.412956 -115.183304 1.807448 -6.728000 -2.462000 4.553000 556
0.100620 -69.610199 -45.702293 -553.776306 -70.412956 -115.183304 1.807448 -6.728000 -2.462000 4.553000 556
0.100659 -69.610199 -45.702293 -553.776306 -70.412956 -115.183304 1.807448 -6.728000 -2.462000 4.553000 556
0.100595 -69.610199 -45.702293 -553.776306 -70.412956 -115.183304 1.807448 -6.728000 -2.462000 4.553000 556
0.100603 -69.610199 -45.702293 -553.776306 -70.412956 -115.183304 1.807448 -6.728000 -2.462000 4.553000 556
0.100639 -69.610199 -45.702293 -553.776306 -70.412956 -115.183304 1.807448 -6.728000 -2.462000 4.553000 556
0.100680 -69.610199 -45.702293 -553.776306 -70.412956 -115.183304 1.807448 -6.728000 -2.462000 4.553000 556
0.101933 -69.610199 -45.702293 -553.776306 -70.412956 -115.183304 1.807448 -6.728000 -2.462000 4.553000 556
0.099164 -69.610199 -45.702293 -553.776306 -70.412956 -115.183304 1.807448 -6.728000 -2.462000 4.553000 556
0.100248 -69.610199 -45.702293 -553.776306 -70.412956 -115.183304 1.807448 -6.728000 -2.462000 4.553000 556
0.100441 -69.610199 -45.702293 -553.776306 -70.412956 -115.183304 1.807448 -6.728000 -2.462000 4.553000 556
0.100268 -69.610199 -45.702293 -553.776306 -70.412956 -115.183304 1.807448 -6.728000 -2.462000 4.553000 556
0.100561 -69.610199 -45.702293 -553.776306 -70.412956 -115.183304 1.807448 -6.728000 -2.462000 4.553000 556
0.100557 -69.610199 -45.702293 -553.776306 -70.412956 -115.183304 1.807448 -6.728000 -2.462000 4.553000 556
0.101149 -69.610199 -45.702293 -553.776306 -70.412956 -115.183304 1.807448 -6.728000 -2.462000 4.553000 556
0.100376 -69.610199 -45.702293 -553.776306 -70.412956 -115.183304 1.807448 -6.728000 -2.462000 4.553000 556
0.100208 -69.610199 -45.702293 -553.776306 -70.412956 -115.183304 1.807448 -6.728000 -2.462000 4.553000 556
0.101105 -69.610199 -45.702293 -553.776306 -70.412956 -115.183304 1.807448 -6.728000 -2.462000 4.553000 556
0.100924 -69.610199 -45.702293 -553.776306 -70.412956 -115.183304 1.807448 -6.728000 -2.462000 4.553000 556
0.100381 -69.610199 -45.702293 -553.776306 -70.412956 -115.183304 1.807448 -6.728000 -2.462000 4.553000 556
0.099662 -69.610199 -45.702293 -553.776306 -70.412956 -115.183304 1.807448 -6.728000 -2.462000 4.553000 556
0.101330 -69.610199 -45.702293 -553.776306 -70.412956 -115.183304 1.807448 -6.728000 -2.462000 4.553000 556
0.100106 -69.610199 -45.702293 -553.776306 -70.412956 -115.183304 1.807448 -6.728000 -2.462000 4.553000 556
